50
##start
start 0 1
##end
end 1 0
0 0 0
1 1 1
2 2 2
3 3 3
4 4 4
5 5 5
6 6 6
7 7 7
8 8 8
9 9 9
10 10 10
11 11 11
12 12 12
13 13 13
14 14 14
15 15 15
16 16 16
17 17 17
18 18 18
19 19 19
20 20 20
21 21 21
22 22 22
23 23 23
24 24 24
25 25 25
26 26 26
27 27 27
28 28 28
29 29 29
30 30 30
31 31 31
32 32 32
33 33 33
34 34 34
35 35 35
36 36 36
37 37 37
38 38 38
39 39 39
40 40 40
41 41 41
42 42 42
43 43 43
44 44 44
45 45 45
46 46 46
47 47 47
48 48 48
49 49 49
50 50 50
51 51 51
52 52 52
53 53 53
54 54 54
55 55 55
56 56 56
57 57 57
58 58 58
59 59 59
60 60 60
61 61 61
62 62 62
63 63 63
64 64 64
65 65 65
66 66 66
67 67 67
68 68 68
69 69 69
70 70 70
71 71 71
72 72 72
73 73 73
74 74 74
75 75 75
76 76 76
77 77 77
78 78 78
79 79 79
80 80 80
81 81 81
82 82 82
83 83 83
84 84 84
85 85 85
86 86 86
87 87 87
88 88 88
89 89 89
90 90 90
91 91 91
92 92 92
93 93 93
94 94 94
95 95 95
96 96 96
97 97 97
98 98 98
99 99 99
100 100 100
101 101 101
102 102 102
103 103 103
104 104 104
105 105 105
106 106 106
107 107 107
108 108 108
109 109 109
110 110 110
111 111 111
112 112 112
113 113 113
114 114 114
115 115 115
116 116 116
117 117 117
118 118 118
119 119 119
120 120 120
121 121 121
122 122 122
123 123 123
124 124 124
125 125 125
126 126 126
127 127 127
128 128 128
129 129 129
130 130 130
131 131 131
132 132 132
133 133 133
134 134 134
135 135 135
136 136 136
137 137 137
138 138 138
139 139 139
140 140 140
141 141 141
142 142 142
143 143 143
144 144 144
145 145 145
146 146 146
147 147 147
148 148 148
149 149 149
150 150 150
151 151 151
152 152 152
153 153 153
154 154 154
155 155 155
156 156 156
157 157 157
158 158 158
159 159 159
160 160 160
161 161 161
162 162 162
163 163 163
164 164 164
165 165 165
166 166 166
167 167 167
168 168 168
169 169 169
170 170 170
171 171 171
172 172 172
173 173 173
174 174 174
175 175 175
176 176 176
177 177 177
178 178 178
179 179 179
180 180 180
181 181 181
182 182 182
183 183 183
184 184 184
185 185 185
186 186 186
187 187 187
188 188 188
189 189 189
190 190 190
191 191 191
192 192 192
193 193 193
194 194 194
195 195 195
196 196 196
197 197 197
198 198 198
199 199 199
200 200 200
201 201 201
202 202 202
203 203 203
204 204 204
205 205 205
206 206 206
207 207 207
208 208 208
209 209 209
210 210 210
211 211 211
212 212 212
213 213 213
214 214 214
215 215 215
216 216 216
217 217 217
218 218 218
219 219 219
220 220 220
221 221 221
222 222 222
223 223 223
224 224 224
225 225 225
226 226 226
227 227 227
228 228 228
229 229 229
230 230 230
231 231 231
232 232 232
233 233 233
234 234 234
235 235 235
236 236 236
237 237 237
238 238 238
239 239 239
240 240 240
241 241 241
242 242 242
243 243 243
244 244 244
245 245 245
246 246 246
247 247 247
248 248 248
249 249 249
250 250 250
251 251 251
252 252 252
253 253 253
254 254 254
255 255 255
256 256 256
257 257 257
258 258 258
259 259 259
260 260 260
261 261 261
262 262 262
263 263 263
264 264 264
265 265 265
266 266 266
267 267 267
268 268 268
269 269 269
270 270 270
271 271 271
272 272 272
273 273 273
274 274 274
275 275 275
276 276 276
277 277 277
278 278 278
279 279 279
280 280 280
281 281 281
282 282 282
283 283 283
284 284 284
285 285 285
286 286 286
287 287 287
288 288 288
289 289 289
290 290 290
291 291 291
292 292 292
293 293 293
294 294 294
295 295 295
296 296 296
297 297 297
298 298 298
299 299 299
300 300 300
301 301 301
302 302 302
303 303 303
304 304 304
305 305 305
306 306 306
307 307 307
308 308 308
309 309 309
310 310 310
311 311 311
312 312 312
313 313 313
314 314 314
315 315 315
316 316 316
317 317 317
318 318 318
319 319 319
320 320 320
321 321 321
322 322 322
323 323 323
324 324 324
325 325 325
326 326 326
327 327 327
328 328 328
329 329 329
330 330 330
331 331 331
332 332 332
333 333 333
334 334 334
335 335 335
336 336 336
337 337 337
338 338 338
339 339 339
340 340 340
341 341 341
342 342 342
343 343 343
344 344 344
345 345 345
346 346 346
347 347 347
348 348 348
349 349 349
350 350 350
351 351 351
352 352 352
353 353 353
354 354 354
355 355 355
356 356 356
357 357 357
358 358 358
359 359 359
360 360 360
361 361 361
362 362 362
363 363 363
364 364 364
365 365 365
366 366 366
367 367 367
368 368 368
369 369 369
370 370 370
371 371 371
372 372 372
373 373 373
374 374 374
375 375 375
376 376 376
377 377 377
378 378 378
379 379 379
380 380 380
381 381 381
382 382 382
383 383 383
384 384 384
385 385 385
386 386 386
387 387 387
388 388 388
389 389 389
390 390 390
391 391 391
392 392 392
393 393 393
394 394 394
395 395 395
396 396 396
397 397 397
398 398 398
399 399 399
400 400 400
401 401 401
402 402 402
403 403 403
404 404 404
405 405 405
406 406 406
407 407 407
408 408 408
409 409 409
410 410 410
411 411 411
412 412 412
413 413 413
414 414 414
415 415 415
416 416 416
417 417 417
418 418 418
419 419 419
420 420 420
421 421 421
422 422 422
423 423 423
424 424 424
425 425 425
426 426 426
427 427 427
428 428 428
429 429 429
430 430 430
431 431 431
432 432 432
433 433 433
434 434 434
435 435 435
436 436 436
437 437 437
438 438 438
439 439 439
440 440 440
441 441 441
442 442 442
443 443 443
444 444 444
445 445 445
446 446 446
447 447 447
448 448 448
449 449 449
450 450 450
451 451 451
452 452 452
453 453 453
454 454 454
455 455 455
456 456 456
457 457 457
458 458 458
459 459 459
460 460 460
461 461 461
462 462 462
463 463 463
464 464 464
465 465 465
466 466 466
467 467 467
468 468 468
469 469 469
470 470 470
471 471 471
472 472 472
473 473 473
474 474 474
475 475 475
476 476 476
477 477 477
478 478 478
479 479 479
480 480 480
481 481 481
482 482 482
483 483 483
484 484 484
485 485 485
486 486 486
487 487 487
488 488 488
489 489 489
490 490 490
491 491 491
492 492 492
493 493 493
494 494 494
495 495 495
496 496 496
497 497 497
498 498 498
499 499 499
500 500 500
501 501 501
502 502 502
503 503 503
504 504 504
505 505 505
506 506 506
507 507 507
508 508 508
509 509 509
510 510 510
511 511 511
512 512 512
513 513 513
514 514 514
515 515 515
516 516 516
517 517 517
518 518 518
519 519 519
520 520 520
521 521 521
522 522 522
523 523 523
524 524 524
525 525 525
526 526 526
527 527 527
528 528 528
529 529 529
530 530 530
531 531 531
532 532 532
533 533 533
534 534 534
535 535 535
536 536 536
537 537 537
538 538 538
539 539 539
540 540 540
541 541 541
542 542 542
543 543 543
544 544 544
545 545 545
546 546 546
547 547 547
548 548 548
549 549 549
550 550 550
551 551 551
552 552 552
553 553 553
554 554 554
555 555 555
556 556 556
557 557 557
558 558 558
559 559 559
560 560 560
561 561 561
562 562 562
563 563 563
564 564 564
565 565 565
566 566 566
567 567 567
568 568 568
569 569 569
570 570 570
571 571 571
572 572 572
573 573 573
574 574 574
575 575 575
576 576 576
577 577 577
578 578 578
579 579 579
580 580 580
581 581 581
582 582 582
583 583 583
584 584 584
585 585 585
586 586 586
587 587 587
588 588 588
589 589 589
590 590 590
591 591 591
592 592 592
593 593 593
594 594 594
595 595 595
596 596 596
597 597 597
598 598 598
599 599 599
600 600 600
601 601 601
602 602 602
603 603 603
604 604 604
605 605 605
606 606 606
607 607 607
608 608 608
609 609 609
610 610 610
611 611 611
612 612 612
613 613 613
614 614 614
615 615 615
616 616 616
617 617 617
618 618 618
619 619 619
620 620 620
621 621 621
622 622 622
623 623 623
624 624 624
625 625 625
626 626 626
627 627 627
628 628 628
629 629 629
630 630 630
631 631 631
632 632 632
633 633 633
634 634 634
635 635 635
636 636 636
637 637 637
638 638 638
639 639 639
640 640 640
641 641 641
642 642 642
643 643 643
644 644 644
645 645 645
646 646 646
647 647 647
648 648 648
649 649 649
650 650 650
651 651 651
652 652 652
653 653 653
654 654 654
655 655 655
656 656 656
657 657 657
658 658 658
659 659 659
660 660 660
661 661 661
662 662 662
663 663 663
664 664 664
665 665 665
666 666 666
667 667 667
668 668 668
669 669 669
670 670 670
671 671 671
672 672 672
673 673 673
674 674 674
675 675 675
676 676 676
677 677 677
678 678 678
679 679 679
680 680 680
681 681 681
682 682 682
683 683 683
684 684 684
685 685 685
686 686 686
687 687 687
688 688 688
689 689 689
690 690 690
691 691 691
692 692 692
693 693 693
694 694 694
695 695 695
696 696 696
697 697 697
698 698 698
699 699 699
700 700 700
701 701 701
702 702 702
703 703 703
704 704 704
705 705 705
706 706 706
707 707 707
708 708 708
709 709 709
710 710 710
711 711 711
712 712 712
713 713 713
714 714 714
715 715 715
716 716 716
717 717 717
718 718 718
719 719 719
720 720 720
721 721 721
722 722 722
723 723 723
724 724 724
725 725 725
726 726 726
727 727 727
728 728 728
729 729 729
730 730 730
731 731 731
732 732 732
733 733 733
734 734 734
735 735 735
736 736 736
737 737 737
738 738 738
739 739 739
740 740 740
741 741 741
742 742 742
743 743 743
744 744 744
745 745 745
746 746 746
747 747 747
748 748 748
749 749 749
750 750 750
751 751 751
752 752 752
753 753 753
754 754 754
755 755 755
756 756 756
757 757 757
758 758 758
759 759 759
760 760 760
761 761 761
762 762 762
763 763 763
764 764 764
765 765 765
766 766 766
767 767 767
768 768 768
769 769 769
770 770 770
771 771 771
772 772 772
773 773 773
774 774 774
775 775 775
776 776 776
777 777 777
778 778 778
779 779 779
780 780 780
781 781 781
782 782 782
783 783 783
784 784 784
785 785 785
786 786 786
787 787 787
788 788 788
789 789 789
790 790 790
791 791 791
792 792 792
793 793 793
794 794 794
795 795 795
796 796 796
797 797 797
798 798 798
799 799 799
800 800 800
801 801 801
802 802 802
803 803 803
804 804 804
805 805 805
806 806 806
807 807 807
808 808 808
809 809 809
810 810 810
811 811 811
812 812 812
813 813 813
814 814 814
815 815 815
816 816 816
817 817 817
818 818 818
819 819 819
820 820 820
821 821 821
822 822 822
823 823 823
824 824 824
825 825 825
826 826 826
827 827 827
828 828 828
829 829 829
830 830 830
831 831 831
832 832 832
833 833 833
834 834 834
835 835 835
836 836 836
837 837 837
838 838 838
839 839 839
840 840 840
841 841 841
842 842 842
843 843 843
844 844 844
845 845 845
846 846 846
847 847 847
848 848 848
849 849 849
850 850 850
851 851 851
852 852 852
853 853 853
854 854 854
855 855 855
856 856 856
857 857 857
858 858 858
859 859 859
860 860 860
861 861 861
862 862 862
863 863 863
864 864 864
865 865 865
866 866 866
867 867 867
868 868 868
869 869 869
870 870 870
871 871 871
872 872 872
873 873 873
874 874 874
875 875 875
876 876 876
877 877 877
878 878 878
879 879 879
880 880 880
881 881 881
882 882 882
883 883 883
884 884 884
885 885 885
886 886 886
887 887 887
888 888 888
889 889 889
890 890 890
891 891 891
892 892 892
893 893 893
894 894 894
895 895 895
896 896 896
897 897 897
898 898 898
899 899 899
900 900 900
901 901 901
902 902 902
903 903 903
904 904 904
905 905 905
906 906 906
907 907 907
908 908 908
909 909 909
910 910 910
911 911 911
912 912 912
913 913 913
914 914 914
915 915 915
916 916 916
917 917 917
918 918 918
919 919 919
920 920 920
921 921 921
922 922 922
923 923 923
924 924 924
925 925 925
926 926 926
927 927 927
928 928 928
929 929 929
930 930 930
931 931 931
932 932 932
933 933 933
934 934 934
935 935 935
936 936 936
937 937 937
938 938 938
939 939 939
940 940 940
941 941 941
942 942 942
943 943 943
944 944 944
945 945 945
946 946 946
947 947 947
948 948 948
949 949 949
950 950 950
951 951 951
952 952 952
953 953 953
954 954 954
955 955 955
956 956 956
957 957 957
958 958 958
959 959 959
960 960 960
961 961 961
962 962 962
963 963 963
964 964 964
965 965 965
966 966 966
967 967 967
968 968 968
969 969 969
970 970 970
971 971 971
972 972 972
973 973 973
974 974 974
975 975 975
976 976 976
977 977 977
978 978 978
979 979 979
980 980 980
981 981 981
982 982 982
983 983 983
984 984 984
985 985 985
986 986 986
987 987 987
988 988 988
989 989 989
990 990 990
991 991 991
992 992 992
993 993 993
994 994 994
995 995 995
996 996 996
997 997 997
998 998 998
999 999 999
1000 1000 1000
1001 1001 1001
1002 1002 1002
1003 1003 1003
1004 1004 1004
1005 1005 1005
1006 1006 1006
1007 1007 1007
1008 1008 1008
1009 1009 1009
1010 1010 1010
1011 1011 1011
1012 1012 1012
1013 1013 1013
1014 1014 1014
1015 1015 1015
1016 1016 1016
1017 1017 1017
1018 1018 1018
1019 1019 1019
1020 1020 1020
1021 1021 1021
1022 1022 1022
1023 1023 1023
1024 1024 1024
1025 1025 1025
1026 1026 1026
1027 1027 1027
1028 1028 1028
1029 1029 1029
1030 1030 1030
1031 1031 1031
1032 1032 1032
1033 1033 1033
1034 1034 1034
1035 1035 1035
1036 1036 1036
1037 1037 1037
1038 1038 1038
1039 1039 1039
1040 1040 1040
1041 1041 1041
1042 1042 1042
1043 1043 1043
1044 1044 1044
1045 1045 1045
1046 1046 1046
1047 1047 1047
1048 1048 1048
1049 1049 1049
1050 1050 1050
1051 1051 1051
1052 1052 1052
1053 1053 1053
1054 1054 1054
1055 1055 1055
1056 1056 1056
1057 1057 1057
1058 1058 1058
1059 1059 1059
1060 1060 1060
1061 1061 1061
1062 1062 1062
1063 1063 1063
1064 1064 1064
1065 1065 1065
1066 1066 1066
1067 1067 1067
1068 1068 1068
1069 1069 1069
1070 1070 1070
1071 1071 1071
1072 1072 1072
1073 1073 1073
1074 1074 1074
1075 1075 1075
1076 1076 1076
1077 1077 1077
1078 1078 1078
1079 1079 1079
1080 1080 1080
1081 1081 1081
1082 1082 1082
1083 1083 1083
1084 1084 1084
1085 1085 1085
1086 1086 1086
1087 1087 1087
1088 1088 1088
1089 1089 1089
1090 1090 1090
1091 1091 1091
1092 1092 1092
1093 1093 1093
1094 1094 1094
1095 1095 1095
1096 1096 1096
1097 1097 1097
1098 1098 1098
1099 1099 1099
1100 1100 1100
1101 1101 1101
1102 1102 1102
1103 1103 1103
1104 1104 1104
1105 1105 1105
1106 1106 1106
1107 1107 1107
1108 1108 1108
1109 1109 1109
1110 1110 1110
1111 1111 1111
1112 1112 1112
1113 1113 1113
1114 1114 1114
1115 1115 1115
1116 1116 1116
1117 1117 1117
1118 1118 1118
1119 1119 1119
1120 1120 1120
1121 1121 1121
1122 1122 1122
1123 1123 1123
1124 1124 1124
1125 1125 1125
1126 1126 1126
1127 1127 1127
1128 1128 1128
1129 1129 1129
1130 1130 1130
1131 1131 1131
1132 1132 1132
1133 1133 1133
1134 1134 1134
1135 1135 1135
1136 1136 1136
1137 1137 1137
1138 1138 1138
1139 1139 1139
1140 1140 1140
1141 1141 1141
1142 1142 1142
1143 1143 1143
1144 1144 1144
1145 1145 1145
1146 1146 1146
1147 1147 1147
1148 1148 1148
1149 1149 1149
1150 1150 1150
1151 1151 1151
1152 1152 1152
1153 1153 1153
1154 1154 1154
1155 1155 1155
1156 1156 1156
1157 1157 1157
1158 1158 1158
1159 1159 1159
1160 1160 1160
1161 1161 1161
1162 1162 1162
1163 1163 1163
1164 1164 1164
1165 1165 1165
1166 1166 1166
1167 1167 1167
1168 1168 1168
1169 1169 1169
1170 1170 1170
1171 1171 1171
1172 1172 1172
1173 1173 1173
1174 1174 1174
1175 1175 1175
1176 1176 1176
1177 1177 1177
1178 1178 1178
1179 1179 1179
1180 1180 1180
1181 1181 1181
1182 1182 1182
1183 1183 1183
1184 1184 1184
1185 1185 1185
1186 1186 1186
1187 1187 1187
1188 1188 1188
1189 1189 1189
1190 1190 1190
1191 1191 1191
1192 1192 1192
1193 1193 1193
1194 1194 1194
1195 1195 1195
1196 1196 1196
1197 1197 1197
1198 1198 1198
1199 1199 1199
1200 1200 1200
1201 1201 1201
1202 1202 1202
1203 1203 1203
1204 1204 1204
1205 1205 1205
1206 1206 1206
1207 1207 1207
1208 1208 1208
1209 1209 1209
1210 1210 1210
1211 1211 1211
1212 1212 1212
1213 1213 1213
1214 1214 1214
1215 1215 1215
1216 1216 1216
1217 1217 1217
1218 1218 1218
1219 1219 1219
1220 1220 1220
1221 1221 1221
1222 1222 1222
1223 1223 1223
1224 1224 1224
1225 1225 1225
1226 1226 1226
1227 1227 1227
1228 1228 1228
1229 1229 1229
1230 1230 1230
1231 1231 1231
1232 1232 1232
1233 1233 1233
1234 1234 1234
1235 1235 1235
1236 1236 1236
1237 1237 1237
1238 1238 1238
1239 1239 1239
1240 1240 1240
1241 1241 1241
1242 1242 1242
1243 1243 1243
1244 1244 1244
1245 1245 1245
1246 1246 1246
1247 1247 1247
1248 1248 1248
1249 1249 1249
1250 1250 1250
1251 1251 1251
1252 1252 1252
1253 1253 1253
1254 1254 1254
1255 1255 1255
1256 1256 1256
1257 1257 1257
1258 1258 1258
1259 1259 1259
1260 1260 1260
1261 1261 1261
1262 1262 1262
1263 1263 1263
1264 1264 1264
1265 1265 1265
1266 1266 1266
1267 1267 1267
1268 1268 1268
1269 1269 1269
1270 1270 1270
1271 1271 1271
1272 1272 1272
1273 1273 1273
1274 1274 1274
1275 1275 1275
1276 1276 1276
1277 1277 1277
1278 1278 1278
1279 1279 1279
1280 1280 1280
1281 1281 1281
1282 1282 1282
1283 1283 1283
1284 1284 1284
1285 1285 1285
1286 1286 1286
1287 1287 1287
1288 1288 1288
1289 1289 1289
1290 1290 1290
1291 1291 1291
1292 1292 1292
1293 1293 1293
1294 1294 1294
1295 1295 1295
1296 1296 1296
1297 1297 1297
1298 1298 1298
1299 1299 1299
1300 1300 1300
1301 1301 1301
1302 1302 1302
1303 1303 1303
1304 1304 1304
1305 1305 1305
1306 1306 1306
1307 1307 1307
1308 1308 1308
1309 1309 1309
1310 1310 1310
1311 1311 1311
1312 1312 1312
1313 1313 1313
1314 1314 1314
1315 1315 1315
1316 1316 1316
1317 1317 1317
1318 1318 1318
1319 1319 1319
1320 1320 1320
1321 1321 1321
1322 1322 1322
1323 1323 1323
1324 1324 1324
1325 1325 1325
1326 1326 1326
1327 1327 1327
1328 1328 1328
1329 1329 1329
1330 1330 1330
1331 1331 1331
1332 1332 1332
1333 1333 1333
1334 1334 1334
1335 1335 1335
1336 1336 1336
1337 1337 1337
1338 1338 1338
1339 1339 1339
1340 1340 1340
1341 1341 1341
1342 1342 1342
1343 1343 1343
1344 1344 1344
1345 1345 1345
1346 1346 1346
1347 1347 1347
1348 1348 1348
1349 1349 1349
1350 1350 1350
1351 1351 1351
1352 1352 1352
1353 1353 1353
1354 1354 1354
1355 1355 1355
1356 1356 1356
1357 1357 1357
1358 1358 1358
1359 1359 1359
1360 1360 1360
1361 1361 1361
1362 1362 1362
1363 1363 1363
1364 1364 1364
1365 1365 1365
1366 1366 1366
1367 1367 1367
1368 1368 1368
1369 1369 1369
1370 1370 1370
1371 1371 1371
1372 1372 1372
1373 1373 1373
1374 1374 1374
1375 1375 1375
1376 1376 1376
1377 1377 1377
1378 1378 1378
1379 1379 1379
1380 1380 1380
1381 1381 1381
1382 1382 1382
1383 1383 1383
1384 1384 1384
1385 1385 1385
1386 1386 1386
1387 1387 1387
1388 1388 1388
1389 1389 1389
1390 1390 1390
1391 1391 1391
1392 1392 1392
1393 1393 1393
1394 1394 1394
1395 1395 1395
1396 1396 1396
1397 1397 1397
1398 1398 1398
1399 1399 1399
1400 1400 1400
1401 1401 1401
1402 1402 1402
1403 1403 1403
1404 1404 1404
1405 1405 1405
1406 1406 1406
1407 1407 1407
1408 1408 1408
1409 1409 1409
1410 1410 1410
1411 1411 1411
1412 1412 1412
1413 1413 1413
1414 1414 1414
1415 1415 1415
1416 1416 1416
1417 1417 1417
1418 1418 1418
1419 1419 1419
1420 1420 1420
1421 1421 1421
1422 1422 1422
1423 1423 1423
1424 1424 1424
1425 1425 1425
1426 1426 1426
1427 1427 1427
1428 1428 1428
1429 1429 1429
1430 1430 1430
1431 1431 1431
1432 1432 1432
1433 1433 1433
1434 1434 1434
1435 1435 1435
1436 1436 1436
1437 1437 1437
1438 1438 1438
1439 1439 1439
1440 1440 1440
1441 1441 1441
1442 1442 1442
1443 1443 1443
1444 1444 1444
1445 1445 1445
1446 1446 1446
1447 1447 1447
1448 1448 1448
1449 1449 1449
1450 1450 1450
1451 1451 1451
1452 1452 1452
1453 1453 1453
1454 1454 1454
1455 1455 1455
1456 1456 1456
1457 1457 1457
1458 1458 1458
1459 1459 1459
1460 1460 1460
1461 1461 1461
1462 1462 1462
1463 1463 1463
1464 1464 1464
1465 1465 1465
1466 1466 1466
1467 1467 1467
1468 1468 1468
1469 1469 1469
1470 1470 1470
1471 1471 1471
1472 1472 1472
1473 1473 1473
1474 1474 1474
1475 1475 1475
1476 1476 1476
1477 1477 1477
1478 1478 1478
1479 1479 1479
1480 1480 1480
1481 1481 1481
1482 1482 1482
1483 1483 1483
1484 1484 1484
1485 1485 1485
1486 1486 1486
1487 1487 1487
1488 1488 1488
1489 1489 1489
1490 1490 1490
1491 1491 1491
1492 1492 1492
1493 1493 1493
1494 1494 1494
1495 1495 1495
1496 1496 1496
1497 1497 1497
1498 1498 1498
1499 1499 1499
1500 1500 1500
1501 1501 1501
1502 1502 1502
1503 1503 1503
1504 1504 1504
1505 1505 1505
1506 1506 1506
1507 1507 1507
1508 1508 1508
1509 1509 1509
1510 1510 1510
1511 1511 1511
1512 1512 1512
1513 1513 1513
1514 1514 1514
1515 1515 1515
1516 1516 1516
1517 1517 1517
1518 1518 1518
1519 1519 1519
1520 1520 1520
1521 1521 1521
1522 1522 1522
1523 1523 1523
1524 1524 1524
1525 1525 1525
1526 1526 1526
1527 1527 1527
1528 1528 1528
1529 1529 1529
1530 1530 1530
1531 1531 1531
1532 1532 1532
1533 1533 1533
1534 1534 1534
1535 1535 1535
1536 1536 1536
1537 1537 1537
1538 1538 1538
1539 1539 1539
1540 1540 1540
1541 1541 1541
1542 1542 1542
1543 1543 1543
1544 1544 1544
1545 1545 1545
1546 1546 1546
1547 1547 1547
1548 1548 1548
1549 1549 1549
1550 1550 1550
1551 1551 1551
1552 1552 1552
1553 1553 1553
1554 1554 1554
1555 1555 1555
1556 1556 1556
1557 1557 1557
1558 1558 1558
1559 1559 1559
1560 1560 1560
1561 1561 1561
1562 1562 1562
1563 1563 1563
1564 1564 1564
1565 1565 1565
1566 1566 1566
1567 1567 1567
1568 1568 1568
1569 1569 1569
1570 1570 1570
1571 1571 1571
1572 1572 1572
1573 1573 1573
1574 1574 1574
1575 1575 1575
1576 1576 1576
1577 1577 1577
1578 1578 1578
1579 1579 1579
1580 1580 1580
1581 1581 1581
1582 1582 1582
1583 1583 1583
1584 1584 1584
1585 1585 1585
1586 1586 1586
1587 1587 1587
1588 1588 1588
1589 1589 1589
1590 1590 1590
1591 1591 1591
1592 1592 1592
1593 1593 1593
1594 1594 1594
1595 1595 1595
1596 1596 1596
1597 1597 1597
1598 1598 1598
1599 1599 1599
1600 1600 1600
1601 1601 1601
1602 1602 1602
1603 1603 1603
1604 1604 1604
1605 1605 1605
1606 1606 1606
1607 1607 1607
1608 1608 1608
1609 1609 1609
1610 1610 1610
1611 1611 1611
1612 1612 1612
1613 1613 1613
1614 1614 1614
1615 1615 1615
1616 1616 1616
1617 1617 1617
1618 1618 1618
1619 1619 1619
1620 1620 1620
1621 1621 1621
1622 1622 1622
1623 1623 1623
1624 1624 1624
1625 1625 1625
1626 1626 1626
1627 1627 1627
1628 1628 1628
1629 1629 1629
1630 1630 1630
1631 1631 1631
1632 1632 1632
1633 1633 1633
1634 1634 1634
1635 1635 1635
1636 1636 1636
1637 1637 1637
1638 1638 1638
1639 1639 1639
1640 1640 1640
1641 1641 1641
1642 1642 1642
1643 1643 1643
1644 1644 1644
1645 1645 1645
1646 1646 1646
1647 1647 1647
1648 1648 1648
1649 1649 1649
1650 1650 1650
1651 1651 1651
1652 1652 1652
1653 1653 1653
1654 1654 1654
1655 1655 1655
1656 1656 1656
1657 1657 1657
1658 1658 1658
1659 1659 1659
1660 1660 1660
1661 1661 1661
1662 1662 1662
1663 1663 1663
1664 1664 1664
1665 1665 1665
1666 1666 1666
1667 1667 1667
1668 1668 1668
1669 1669 1669
1670 1670 1670
1671 1671 1671
1672 1672 1672
1673 1673 1673
1674 1674 1674
1675 1675 1675
1676 1676 1676
1677 1677 1677
1678 1678 1678
1679 1679 1679
1680 1680 1680
1681 1681 1681
1682 1682 1682
1683 1683 1683
1684 1684 1684
1685 1685 1685
1686 1686 1686
1687 1687 1687
1688 1688 1688
1689 1689 1689
1690 1690 1690
1691 1691 1691
1692 1692 1692
1693 1693 1693
1694 1694 1694
1695 1695 1695
1696 1696 1696
1697 1697 1697
1698 1698 1698
1699 1699 1699
1700 1700 1700
1701 1701 1701
1702 1702 1702
1703 1703 1703
1704 1704 1704
1705 1705 1705
1706 1706 1706
1707 1707 1707
1708 1708 1708
1709 1709 1709
1710 1710 1710
1711 1711 1711
1712 1712 1712
1713 1713 1713
1714 1714 1714
1715 1715 1715
1716 1716 1716
1717 1717 1717
1718 1718 1718
1719 1719 1719
1720 1720 1720
1721 1721 1721
1722 1722 1722
1723 1723 1723
1724 1724 1724
1725 1725 1725
1726 1726 1726
1727 1727 1727
1728 1728 1728
1729 1729 1729
1730 1730 1730
1731 1731 1731
1732 1732 1732
1733 1733 1733
1734 1734 1734
1735 1735 1735
1736 1736 1736
1737 1737 1737
1738 1738 1738
1739 1739 1739
1740 1740 1740
1741 1741 1741
1742 1742 1742
1743 1743 1743
1744 1744 1744
1745 1745 1745
1746 1746 1746
1747 1747 1747
1748 1748 1748
1749 1749 1749
1750 1750 1750
1751 1751 1751
1752 1752 1752
1753 1753 1753
1754 1754 1754
1755 1755 1755
1756 1756 1756
1757 1757 1757
1758 1758 1758
1759 1759 1759
1760 1760 1760
1761 1761 1761
1762 1762 1762
1763 1763 1763
1764 1764 1764
1765 1765 1765
1766 1766 1766
1767 1767 1767
1768 1768 1768
1769 1769 1769
1770 1770 1770
1771 1771 1771
1772 1772 1772
1773 1773 1773
1774 1774 1774
1775 1775 1775
1776 1776 1776
1777 1777 1777
1778 1778 1778
1779 1779 1779
1780 1780 1780
1781 1781 1781
1782 1782 1782
1783 1783 1783
1784 1784 1784
1785 1785 1785
1786 1786 1786
1787 1787 1787
1788 1788 1788
1789 1789 1789
1790 1790 1790
1791 1791 1791
1792 1792 1792
1793 1793 1793
1794 1794 1794
1795 1795 1795
1796 1796 1796
1797 1797 1797
1798 1798 1798
1799 1799 1799
1800 1800 1800
1801 1801 1801
1802 1802 1802
1803 1803 1803
1804 1804 1804
1805 1805 1805
1806 1806 1806
1807 1807 1807
1808 1808 1808
1809 1809 1809
1810 1810 1810
1811 1811 1811
1812 1812 1812
1813 1813 1813
1814 1814 1814
1815 1815 1815
1816 1816 1816
1817 1817 1817
1818 1818 1818
1819 1819 1819
1820 1820 1820
1821 1821 1821
1822 1822 1822
1823 1823 1823
1824 1824 1824
1825 1825 1825
1826 1826 1826
1827 1827 1827
1828 1828 1828
1829 1829 1829
1830 1830 1830
1831 1831 1831
1832 1832 1832
1833 1833 1833
1834 1834 1834
1835 1835 1835
1836 1836 1836
1837 1837 1837
1838 1838 1838
1839 1839 1839
1840 1840 1840
1841 1841 1841
1842 1842 1842
1843 1843 1843
1844 1844 1844
1845 1845 1845
1846 1846 1846
1847 1847 1847
1848 1848 1848
1849 1849 1849
1850 1850 1850
1851 1851 1851
1852 1852 1852
1853 1853 1853
1854 1854 1854
1855 1855 1855
1856 1856 1856
1857 1857 1857
1858 1858 1858
1859 1859 1859
1860 1860 1860
1861 1861 1861
1862 1862 1862
1863 1863 1863
1864 1864 1864
1865 1865 1865
1866 1866 1866
1867 1867 1867
1868 1868 1868
1869 1869 1869
1870 1870 1870
1871 1871 1871
1872 1872 1872
1873 1873 1873
1874 1874 1874
1875 1875 1875
1876 1876 1876
1877 1877 1877
1878 1878 1878
1879 1879 1879
1880 1880 1880
1881 1881 1881
1882 1882 1882
1883 1883 1883
1884 1884 1884
1885 1885 1885
1886 1886 1886
1887 1887 1887
1888 1888 1888
1889 1889 1889
1890 1890 1890
1891 1891 1891
1892 1892 1892
1893 1893 1893
1894 1894 1894
1895 1895 1895
1896 1896 1896
1897 1897 1897
1898 1898 1898
1899 1899 1899
1900 1900 1900
1901 1901 1901
1902 1902 1902
1903 1903 1903
1904 1904 1904
1905 1905 1905
1906 1906 1906
1907 1907 1907
1908 1908 1908
1909 1909 1909
1910 1910 1910
1911 1911 1911
1912 1912 1912
1913 1913 1913
1914 1914 1914
1915 1915 1915
1916 1916 1916
1917 1917 1917
1918 1918 1918
1919 1919 1919
1920 1920 1920
1921 1921 1921
1922 1922 1922
1923 1923 1923
1924 1924 1924
1925 1925 1925
1926 1926 1926
1927 1927 1927
1928 1928 1928
1929 1929 1929
1930 1930 1930
1931 1931 1931
1932 1932 1932
1933 1933 1933
1934 1934 1934
1935 1935 1935
1936 1936 1936
1937 1937 1937
1938 1938 1938
1939 1939 1939
1940 1940 1940
1941 1941 1941
1942 1942 1942
1943 1943 1943
1944 1944 1944
1945 1945 1945
1946 1946 1946
1947 1947 1947
1948 1948 1948
1949 1949 1949
1950 1950 1950
1951 1951 1951
1952 1952 1952
1953 1953 1953
1954 1954 1954
1955 1955 1955
1956 1956 1956
1957 1957 1957
1958 1958 1958
1959 1959 1959
1960 1960 1960
1961 1961 1961
1962 1962 1962
1963 1963 1963
1964 1964 1964
1965 1965 1965
1966 1966 1966
1967 1967 1967
1968 1968 1968
1969 1969 1969
1970 1970 1970
1971 1971 1971
1972 1972 1972
1973 1973 1973
1974 1974 1974
1975 1975 1975
1976 1976 1976
1977 1977 1977
1978 1978 1978
1979 1979 1979
1980 1980 1980
1981 1981 1981
1982 1982 1982
1983 1983 1983
1984 1984 1984
1985 1985 1985
1986 1986 1986
1987 1987 1987
1988 1988 1988
1989 1989 1989
1990 1990 1990
1991 1991 1991
1992 1992 1992
1993 1993 1993
1994 1994 1994
1995 1995 1995
1996 1996 1996
1997 1997 1997
1998 1998 1998
1999 1999 1999
2000 2000 2000
2001 2001 2001
2002 2002 2002
2003 2003 2003
2004 2004 2004
2005 2005 2005
2006 2006 2006
2007 2007 2007
2008 2008 2008
2009 2009 2009
2010 2010 2010
2011 2011 2011
2012 2012 2012
2013 2013 2013
2014 2014 2014
2015 2015 2015
2016 2016 2016
2017 2017 2017
2018 2018 2018
2019 2019 2019
2020 2020 2020
2021 2021 2021
2022 2022 2022
2023 2023 2023
2024 2024 2024
2025 2025 2025
2026 2026 2026
2027 2027 2027
2028 2028 2028
2029 2029 2029
2030 2030 2030
2031 2031 2031
2032 2032 2032
2033 2033 2033
2034 2034 2034
2035 2035 2035
2036 2036 2036
2037 2037 2037
2038 2038 2038
2039 2039 2039
2040 2040 2040
2041 2041 2041
2042 2042 2042
2043 2043 2043
2044 2044 2044
2045 2045 2045
2046 2046 2046
2047 2047 2047
2048 2048 2048
2049 2049 2049
2050 2050 2050
2051 2051 2051
2052 2052 2052
2053 2053 2053
2054 2054 2054
2055 2055 2055
2056 2056 2056
2057 2057 2057
2058 2058 2058
2059 2059 2059
2060 2060 2060
2061 2061 2061
2062 2062 2062
2063 2063 2063
2064 2064 2064
2065 2065 2065
2066 2066 2066
2067 2067 2067
2068 2068 2068
2069 2069 2069
2070 2070 2070
2071 2071 2071
2072 2072 2072
2073 2073 2073
2074 2074 2074
2075 2075 2075
2076 2076 2076
2077 2077 2077
2078 2078 2078
2079 2079 2079
2080 2080 2080
2081 2081 2081
2082 2082 2082
2083 2083 2083
2084 2084 2084
2085 2085 2085
2086 2086 2086
2087 2087 2087
2088 2088 2088
2089 2089 2089
2090 2090 2090
2091 2091 2091
2092 2092 2092
2093 2093 2093
2094 2094 2094
2095 2095 2095
2096 2096 2096
2097 2097 2097
2098 2098 2098
2099 2099 2099
2100 2100 2100
2101 2101 2101
2102 2102 2102
2103 2103 2103
2104 2104 2104
2105 2105 2105
2106 2106 2106
2107 2107 2107
2108 2108 2108
2109 2109 2109
2110 2110 2110
2111 2111 2111
2112 2112 2112
2113 2113 2113
2114 2114 2114
2115 2115 2115
2116 2116 2116
2117 2117 2117
2118 2118 2118
2119 2119 2119
2120 2120 2120
2121 2121 2121
2122 2122 2122
2123 2123 2123
2124 2124 2124
2125 2125 2125
2126 2126 2126
2127 2127 2127
2128 2128 2128
2129 2129 2129
2130 2130 2130
2131 2131 2131
2132 2132 2132
2133 2133 2133
2134 2134 2134
2135 2135 2135
2136 2136 2136
2137 2137 2137
2138 2138 2138
2139 2139 2139
2140 2140 2140
2141 2141 2141
2142 2142 2142
2143 2143 2143
2144 2144 2144
2145 2145 2145
2146 2146 2146
2147 2147 2147
2148 2148 2148
2149 2149 2149
2150 2150 2150
2151 2151 2151
2152 2152 2152
2153 2153 2153
2154 2154 2154
2155 2155 2155
2156 2156 2156
2157 2157 2157
2158 2158 2158
2159 2159 2159
2160 2160 2160
2161 2161 2161
2162 2162 2162
2163 2163 2163
2164 2164 2164
2165 2165 2165
2166 2166 2166
2167 2167 2167
2168 2168 2168
2169 2169 2169
2170 2170 2170
2171 2171 2171
2172 2172 2172
2173 2173 2173
2174 2174 2174
2175 2175 2175
2176 2176 2176
2177 2177 2177
2178 2178 2178
2179 2179 2179
2180 2180 2180
2181 2181 2181
2182 2182 2182
2183 2183 2183
2184 2184 2184
2185 2185 2185
2186 2186 2186
2187 2187 2187
2188 2188 2188
2189 2189 2189
2190 2190 2190
2191 2191 2191
2192 2192 2192
2193 2193 2193
2194 2194 2194
2195 2195 2195
2196 2196 2196
2197 2197 2197
2198 2198 2198
2199 2199 2199
2200 2200 2200
2201 2201 2201
2202 2202 2202
2203 2203 2203
2204 2204 2204
2205 2205 2205
2206 2206 2206
2207 2207 2207
2208 2208 2208
2209 2209 2209
2210 2210 2210
2211 2211 2211
2212 2212 2212
2213 2213 2213
2214 2214 2214
2215 2215 2215
2216 2216 2216
2217 2217 2217
2218 2218 2218
2219 2219 2219
2220 2220 2220
2221 2221 2221
2222 2222 2222
2223 2223 2223
2224 2224 2224
2225 2225 2225
2226 2226 2226
2227 2227 2227
2228 2228 2228
2229 2229 2229
2230 2230 2230
2231 2231 2231
2232 2232 2232
2233 2233 2233
2234 2234 2234
2235 2235 2235
2236 2236 2236
2237 2237 2237
2238 2238 2238
2239 2239 2239
2240 2240 2240
2241 2241 2241
2242 2242 2242
2243 2243 2243
2244 2244 2244
2245 2245 2245
2246 2246 2246
2247 2247 2247
2248 2248 2248
2249 2249 2249
2250 2250 2250
2251 2251 2251
2252 2252 2252
2253 2253 2253
2254 2254 2254
2255 2255 2255
2256 2256 2256
2257 2257 2257
2258 2258 2258
2259 2259 2259
2260 2260 2260
2261 2261 2261
2262 2262 2262
2263 2263 2263
2264 2264 2264
2265 2265 2265
2266 2266 2266
2267 2267 2267
2268 2268 2268
2269 2269 2269
2270 2270 2270
2271 2271 2271
2272 2272 2272
2273 2273 2273
2274 2274 2274
2275 2275 2275
2276 2276 2276
2277 2277 2277
2278 2278 2278
2279 2279 2279
2280 2280 2280
2281 2281 2281
2282 2282 2282
2283 2283 2283
2284 2284 2284
2285 2285 2285
2286 2286 2286
2287 2287 2287
2288 2288 2288
2289 2289 2289
2290 2290 2290
2291 2291 2291
2292 2292 2292
2293 2293 2293
2294 2294 2294
2295 2295 2295
2296 2296 2296
2297 2297 2297
2298 2298 2298
2299 2299 2299
2300 2300 2300
2301 2301 2301
2302 2302 2302
2303 2303 2303
2304 2304 2304
2305 2305 2305
2306 2306 2306
2307 2307 2307
2308 2308 2308
2309 2309 2309
2310 2310 2310
2311 2311 2311
2312 2312 2312
2313 2313 2313
2314 2314 2314
2315 2315 2315
2316 2316 2316
2317 2317 2317
2318 2318 2318
2319 2319 2319
2320 2320 2320
2321 2321 2321
2322 2322 2322
2323 2323 2323
2324 2324 2324
2325 2325 2325
2326 2326 2326
2327 2327 2327
2328 2328 2328
2329 2329 2329
2330 2330 2330
2331 2331 2331
2332 2332 2332
2333 2333 2333
2334 2334 2334
2335 2335 2335
2336 2336 2336
2337 2337 2337
2338 2338 2338
2339 2339 2339
2340 2340 2340
2341 2341 2341
2342 2342 2342
2343 2343 2343
2344 2344 2344
2345 2345 2345
2346 2346 2346
2347 2347 2347
2348 2348 2348
2349 2349 2349
2350 2350 2350
2351 2351 2351
2352 2352 2352
2353 2353 2353
2354 2354 2354
2355 2355 2355
2356 2356 2356
2357 2357 2357
2358 2358 2358
2359 2359 2359
2360 2360 2360
2361 2361 2361
2362 2362 2362
2363 2363 2363
2364 2364 2364
2365 2365 2365
2366 2366 2366
2367 2367 2367
2368 2368 2368
2369 2369 2369
2370 2370 2370
2371 2371 2371
2372 2372 2372
2373 2373 2373
2374 2374 2374
2375 2375 2375
2376 2376 2376
2377 2377 2377
2378 2378 2378
2379 2379 2379
2380 2380 2380
2381 2381 2381
2382 2382 2382
2383 2383 2383
2384 2384 2384
2385 2385 2385
2386 2386 2386
2387 2387 2387
2388 2388 2388
2389 2389 2389
2390 2390 2390
2391 2391 2391
2392 2392 2392
2393 2393 2393
2394 2394 2394
2395 2395 2395
2396 2396 2396
2397 2397 2397
2398 2398 2398
2399 2399 2399
2400 2400 2400
2401 2401 2401
2402 2402 2402
2403 2403 2403
2404 2404 2404
2405 2405 2405
2406 2406 2406
2407 2407 2407
2408 2408 2408
2409 2409 2409
2410 2410 2410
2411 2411 2411
2412 2412 2412
2413 2413 2413
2414 2414 2414
2415 2415 2415
2416 2416 2416
2417 2417 2417
2418 2418 2418
2419 2419 2419
2420 2420 2420
2421 2421 2421
2422 2422 2422
2423 2423 2423
2424 2424 2424
2425 2425 2425
2426 2426 2426
2427 2427 2427
2428 2428 2428
2429 2429 2429
2430 2430 2430
2431 2431 2431
2432 2432 2432
2433 2433 2433
2434 2434 2434
2435 2435 2435
2436 2436 2436
2437 2437 2437
2438 2438 2438
2439 2439 2439
2440 2440 2440
2441 2441 2441
2442 2442 2442
2443 2443 2443
2444 2444 2444
2445 2445 2445
2446 2446 2446
2447 2447 2447
2448 2448 2448
2449 2449 2449
2450 2450 2450
2451 2451 2451
2452 2452 2452
2453 2453 2453
2454 2454 2454
2455 2455 2455
2456 2456 2456
2457 2457 2457
2458 2458 2458
2459 2459 2459
2460 2460 2460
2461 2461 2461
2462 2462 2462
2463 2463 2463
2464 2464 2464
2465 2465 2465
2466 2466 2466
2467 2467 2467
2468 2468 2468
2469 2469 2469
2470 2470 2470
2471 2471 2471
2472 2472 2472
2473 2473 2473
2474 2474 2474
2475 2475 2475
2476 2476 2476
2477 2477 2477
2478 2478 2478
2479 2479 2479
2480 2480 2480
2481 2481 2481
2482 2482 2482
2483 2483 2483
2484 2484 2484
2485 2485 2485
2486 2486 2486
2487 2487 2487
2488 2488 2488
2489 2489 2489
2490 2490 2490
2491 2491 2491
2492 2492 2492
2493 2493 2493
2494 2494 2494
2495 2495 2495
2496 2496 2496
2497 2497 2497
2498 2498 2498
2499 2499 2499
0-1213
0-2373
0-399
1-2405
10-436
100-1432
100-2460
1000-1063
1000-1068
1000-2336
1001-1460
1001-1526
1001-245
1002-2164
1003-1114
1004-1324
1004-1581
1005-2104
1006-11
1007-1167
1007-1223
1008-141
1008-2271
1008-2370
1008-43
1008-575
1009-1762
101-1325
101-1358
1010-1162
1010-1422
1010-2421
1010-90
1011-506
1012-1129
1012-1407
1012-178
1012-508
1012-558
1012-756
1012-870
1013-1306
1013-1499
1013-1977
1013-429
1013-468
1013-602
1014-1179
1014-1546
1014-2085
1015-2069
1015-2244
1016-1051
1016-778
1017-1818
1018-1103
1018-1495
1018-1551
1018-1558
1018-314
1019-1368
1019-1558
1019-1678
1019-1782
1019-1988
1019-2042
1019-558
102-2492
1020-1266
1021-1322
1021-962
1022-2161
1022-403
1022-526
1023-1946
1023-2499
1023-397
1024-1597
1025-1864
1025-2035
1025-2309
1026-389
1027-1588
1028-1164
1028-1344
1028-2395
1029-1466
1029-1688
1029-686
1029-966
103-162
103-2365
1030-1628
1030-1662
1030-353
1031-587
1032-1636
1033-1002
1033-2234
1033-677
1033-71
1034-1191
1034-1988
1034-2353
1035-1064
1035-1291
1035-2387
1036-1923
1037-2261
1037-239
1038-2454
1039-1616
104-1295
104-1906
104-373
104-785
1040-1107
1041-2423
1041-495
1041-762
1042-1553
1042-2091
1042-2201
1043-1243
1043-982
1044-871
1045-603
1045-80
1046-1866
1046-2396
1047-1341
1048-1681
1048-1750
1048-2320
1048-922
1049-612
105-2332
105-279
105-898
1050-469
1050-471
1051-824
1052-1238
1053-458
1054-1831
1054-2372
1055-484
1055-864
1056-1830
1056-2395
1057-488
1058-88
1059-2153
106-1863
106-317
106-394
106-78
1060-2172
1060-975
1061-576
1061-715
1062-1307
1062-2190
1062-229
1063-1303
1064-2234
1064-2255
1064-446
1065-1342
1066-2106
1067-1674
1068-2341
1069-369
107-613
1070-351
1071-115
1071-356
1072-65
1073-49
1073-512
1074-1579
1075-2278
1075-976
1076-1885
1076-497
1077-1366
1078-1400
1078-1832
1078-610
1078-852
1079-2075
108-518
1080-1270
1080-2278
1081-2056
1081-972
1082-1533
1082-412
1083-1003
1084-2001
1085-693
1086-1618
1087-2134
1087-321
1087-686
1088-1092
1088-1643
1089-2336
109-2387
1090-1844
1090-2199
1091-2280
1091-295
1092-1533
1093-1075
1093-1963
1094-1631
1094-2287
1094-457
1094-509
1095-1746
1095-1763
1096-133
1096-2094
1097-1570
1097-929
1098-1069
1098-1437
1098-1950
1098-2409
1099-1519
11-2067
11-569
110-2320
1100-1316
1101-1343
1102-1095
1102-1177
1102-195
1102-25
1102-551
1103-31
1104-1208
1104-175
1105-1705
1106-2448
1106-604
1106-81
1107-1571
1107-1771
1107-1787
1107-2288
1107-821
1108-1837
1109-2113
111-1668
1110-1385
1111-1117
1111-1347
1111-299
1111-501
1112-1887
1113-725
1114-1714
1115-1735
1115-2300
1115-237
1115-411
1116-2414
1116-2436
1117-1918
1118-1772
1118-1997
1119-1433
1119-1516
112-1412
112-2064
112-2447
1120-610
1121-775
1122-2468
1123-1728
1124-1146
1124-20
1124-2048
1125-2062
1126-1713
1127-2358
1128-100
1129-487
1129-552
113-752
1130-1362
1131-1114
1132-1708
1133-446
1134-2073
1134-2079
1135-1145
1135-403
1136-840
1137-1623
1137-2153
1138-1477
1139-2004
114-1056
114-1419
114-1793
1140-470
1141-1879
1141-917
1142-1219
1143-1051
1143-1239
1143-1795
1143-2028
1143-285
1144-1765
1144-545
1145-2068
1146-1495
1146-1795
1147-1079
1147-2138
1148-1118
1148-135
1148-1393
1148-1531
1149-129
115-2415
1150-1992
1151-688
1152-1693
1152-1850
1153-138
1153-1437
1153-2408
1154-1489
1154-1762
1154-1898
1154-217
1154-2298
1155-1050
1155-455
1155-483
1156-1071
1157-259
1157-830
1158-2244
1159-2292
116-1954
116-2007
1160-2120
1161-1122
1161-1914
1161-196
1161-809
1162-2042
1163-2449
1164-1222
1164-693
1165-1715
1165-1864
1166-1588
1166-1692
1166-1695
1166-2113
1167-491
1168-693
1169-1164
117-60
117-963
1170-1496
1170-2272
1171-1469
1171-517
1172-1003
1172-121
1172-1471
1172-1498
1172-1712
1172-1877
1172-2161
1172-2464
1172-295
1173-1164
1174-1721
1175-2245
1176-1509
1176-1727
1176-2218
1176-2261
1176-2468
1176-705
1176-822
1177-781
1178-2344
1179-1437
118-2432
118-2435
118-66
1180-1347
1180-247
1181-394
1182-185
1183-204
1183-692
1184-1903
1184-562
1185-585
1186-1189
1186-1300
1187-446
1188-444
1189-1611
119-2078
119-596
1190-710
1191-919
1192-1903
1193-0
1193-1597
1193-1676
1193-2005
1193-2153
1193-384
1193-44
1193-488
1193-55
1193-804
1194-2039
1194-299
1194-523
1194-678
1194-96
1195-1627
1195-1856
1196-128
1197-1159
1197-2139
1198-1631
1198-1829
1198-43
1198-728
1199-1438
12-2282
120-1275
120-2250
120-421
1200-1761
1200-468
1201-1980
1201-425
1202-1036
1203-1572
1204-2221
1205-1689
1206-897
1207-1608
1207-1622
1208-745
1209-1089
121-1625
1210-1807
1211-1116
1212-1615
1213-1072
1214-5
1215-2309
1216-404
1216-873
1217-798
1218-131
1218-910
1219-2196
122-120
122-1337
122-917
1220-1622
1221-2159
1222-603
1223-1458
1223-1588
1223-2372
1224-1405
1225-1492
1225-474
1226-1484
1226-2485
1227-1558
1228-1507
1229-1424
123-488
1230-159
1231-1129
1231-1601
1231-952
1232-1760
1233-1266
1233-1883
1233-2402
1234-1274
1234-1792
1234-18
1234-268
1235-1401
1235-52
1235-668
1236-2359
1237-1214
1237-480
1238-147
1238-1745
1238-233
1238-2338
1238-775
1238-781
1239-1994
124-1544
1240-1435
1240-1931
1240-230
1241-1815
1242-1356
1242-32
1243-1196
1243-2318
1243-630
1243-848
1244-1020
1245-1901
1246-2400
1246-272
1246-816
1247-725
1248-174
1248-1817
1248-968
1248-991
1249-1058
1249-2222
1249-2264
125-1
125-1643
1250-2238
1250-2264
1250-979
1251-2394
1252-2387
1252-502
1253-144
1253-2155
1253-2407
1253-2489
1253-39
1254-160
1255-1672
1255-1740
1255-2442
1256-1480
1256-1537
1256-2333
1256-2405
1256-931
1257-2055
1257-447
1258-1449
1259-287
1259-325
1259-332
126-1472
126-1681
1260-541
1260-714
1261-1255
1261-1764
1262-1502
1262-2027
1262-549
1262-552
1262-829
1262-998
1263-918
1264-1066
1264-1553
1264-2027
1264-2409
1264-414
1265-267
1266-1947
1266-253
1267-1738
1268-1138
1269-1459
127-351
127-684
1270-1877
1271-275
1272-189
1273-1976
1273-231
1273-965
1274-481
1275-1480
1275-1563
1275-2193
1276-1102
1276-1407
1276-2311
1277-1054
1278-2057
1279-2289
1279-330
128-993
1280-194
1281-2048
1281-617
1282-1851
1282-1970
1283-2103
1284-1334
1285-157
1286-145
1286-2238
1286-353
1286-570
1286-80
1287-2020
1287-2274
1287-2303
1287-2368
1287-459
1287-542
1288-1131
1288-1527
1289-2173
129-1144
129-1203
129-1753
129-383
129-753
1290-1551
1290-1821
1290-1864
1290-744
1291-1456
1292-551
1293-396
1293-631
1294-1678
1295-218
1295-314
1296-2165
1297-649
1298-2493
1299-1933
1299-2438
13-149
13-1777
130-2355
1300-1375
1300-2105
1301-1953
1301-878
1302-2169
1303-683
1304-2184
1305-1810
1305-2167
1306-609
1307-1116
1308-1363
1309-2254
1309-667
131-790
1310-1559
1310-2062
1311-2450
1311-853
1312-1223
1312-2057
1312-2262
1312-970
1313-100
1314-1922
1314-324
1315-1943
1316-1622
1317-1449
1318-2407
1319-1164
132-2299
132-343
1320-2382
1320-697
1321-1120
1321-480
1322-492
1323-343
1324-1340
1324-2008
1325-1163
1325-591
1325-862
1326-1408
1326-478
1326-97
1327-1117
1328-1288
1328-1370
1329-46
133-1045
133-1254
1330-2409
1331-479
1331-840
1332-1362
1332-1855
1332-2060
1333-386
1334-1480
1334-215
1335-1352
1335-1384
1335-388
1335-910
1336-1813
1337-1737
1337-1864
1338-1419
1338-173
1338-394
1338-765
1339-1195
1339-2082
134-1493
134-1544
1340-1315
1341-1907
1342-605
1343-2305
1343-841
1344-1854
1345-482
1346-1194
1346-416
1347-1762
1348-2038
1348-870
1349-2300
135-1790
135-521
135-540
135-593
1350-1365
1350-1588
1351-1043
1351-1256
1351-1369
1351-208
1351-2176
1351-2339
1352-1615
1352-2308
1352-2497
1352-5
1353-1328
1353-866
1354-637
1354-949
1355-2409
1356-2373
1357-2347
1358-1463
1358-1682
1359-390
136-677
1360-9
1361-503
1362-576
1363-1334
1364-1769
1364-757
1365-1251
1365-1887
1365-2197
1365-500
1366-1726
1366-2231
1367-1189
1367-1968
1368-1001
1368-1154
1368-1517
1368-2337
1368-2363
1368-534
1369-2271
1369-586
137-1079
1370-2034
1370-2174
1370-2298
1370-498
1371-481
1371-730
1372-2257
1373-1498
1374-1327
1375-2016
1376-329
1377-1199
1377-854
1378-2163
1379-29
138-1206
1380-1270
1380-1413
1381-728
1382-1065
1383-1776
1384-1714
1384-2285
1385-2231
1385-395
1386-1679
1387-1276
1387-1913
1387-2054
1388-1076
1388-1225
1388-1263
1388-162
1388-31
1388-441
1388-71
1389-1203
1389-2318
139-97
1390-424
1390-758
1391-1299
1392-2163
1392-2270
1393-1191
1394-1600
1395-1089
1395-1414
1396-139
1396-2285
1397-1992
1397-736
1398-542
1399-2453
1399-895
14-891
140-1741
1400-307
1401-1735
1401-1779
1401-342
1402-1257
1402-1991
1402-2219
1403-1183
1404-258
1405-1833
1405-572
1406-1892
1407-186
1408-1582
1409-1651
1409-1674
1409-2070
1409-372
141-1280
1410-1294
1410-1939
1410-2143
1411-1294
1412-1362
1412-188
1413-1886
1413-2174
1413-79
1414-1431
1414-350
1414-493
1415-642
1416-1055
1416-1298
1416-46
1416-84
1417-14
1418-449
1419-1428
142-1707
1420-1389
1421-2229
1422-1075
1422-1225
1422-1428
1422-2112
1422-2384
1422-323
1423-1066
1423-1753
1424-101
1424-1230
1424-1580
1424-1603
1424-1765
1425-1366
1425-276
1426-259
1427-1947
1428-1695
1429-1433
1429-1511
1429-245
143-236
1430-2116
1431-246
1432-2156
1433-1062
1433-1275
1433-1481
1433-1830
1433-1963
1433-2059
1433-2214
1433-593
1433-870
1434-310
1435-269
1436-897
1437-1463
1437-412
1437-965
1438-438
1438-574
1439-1652
144-805
1440-1409
1441-447
1441-506
1442-1831
1443-1023
1443-115
1443-1425
1444-1366
1445-1379
1445-1563
1445-1638
1445-1869
1445-1974
1446-1575
1447-354
1448-1047
1448-1079
1448-2064
1448-2454
1448-519
1448-992
1449-1204
1449-1571
145-1445
1450-1997
1450-2369
1450-552
1450-593
1451-1054
1451-1558
1451-463
1451-602
1452-1169
1453-1037
1453-1655
1453-2287
1453-2431
1454-2420
1454-860
1455-935
1456-1413
1457-95
1458-1215
1458-2235
1458-53
1459-1808
1459-2277
146-914
1460-1580
1460-1770
1460-2198
1460-404
1461-2214
1462-1094
1462-2324
1463-1299
1463-1639
1464-1635
1464-1776
1464-463
1465-2212
1465-628
1466-2317
1467-2153
1468-1135
1468-1421
1468-17
1469-1240
147-1911
147-344
147-799
1470-211
1470-2398
1471-1338
1471-2037
1471-2076
1471-2424
1472-508
1473-1091
1474-160
1474-2339
1474-874
1475-120
1475-2133
1475-2311
1475-452
1475-900
1476-1648
1477-1562
1478-1584
1478-1953
1478-439
1479-1872
1479-201
1479-2180
1479-462
148-172
1480-170
1481-1993
1482-1013
1482-1533
1482-2036
1482-527
1483-1063
1483-1233
1483-1372
1483-2364
1483-688
1484-971
1485-1091
1485-1716
1486-1072
1486-1132
1486-1613
1486-2468
1486-850
1487-967
1488-2137
1489-271
1489-476
149-1199
1490-2197
1490-353
1491-1330
1491-1944
1492-495
1493-2053
1494-837
1495-319
1495-900
1496-639
1497-109
1497-2328
1498-1066
1498-1070
1499-1791
15-904
150-733
1500-2467
1501-213
1502-562
1503-422
1504-1025
1504-1846
1504-1983
1504-223
1504-725
1505-1024
1505-2141
1506-1099
1507-701
1508-568
1509-1960
1509-2189
1509-2379
1509-649
1509-831
1509-846
151-105
151-265
1510-2166
1510-2223
1511-1346
1511-1941
1512-1578
1513-1182
1514-256
1514-737
1514-884
1515-1199
1515-897
1516-1859
1516-238
1517-1503
1518-1183
1518-1804
1518-2364
1518-2427
1518-462
1519-1101
1519-2215
152-11
152-1358
152-2293
1520-1769
1521-462
1522-945
1523-1000
1524-1471
1525-248
1526-1026
1527-1065
1527-1681
1527-1839
1527-1840
1527-2046
1527-9
1528-12
1528-15
1528-1984
1528-396
1528-841
1529-1256
1529-2260
153-2498
1530-553
1531-838
1532-1899
1532-2400
1533-786
1534-2163
1534-437
1534-894
1535-1145
1535-280
1536-1740
1536-725
1537-1496
1537-2288
1538-1326
1538-1419
1538-1548
1538-2191
1539-1885
154-1812
1540-1837
1541-2405
1541-2448
1542-1481
1542-168
1543-2309
1544-1677
1544-1983
1544-2207
1544-402
1545-131
1545-1703
1545-1886
1545-243
1546-766
1547-992
1548-128
1548-1298
1548-2265
1548-654
1548-878
1549-301
155-1930
1550-644
1551-1202
1552-1124
1552-1522
1553-1023
1553-434
1554-1473
1555-149
1555-657
1556-1417
1556-1858
1557-1717
1557-1942
1557-2371
1557-970
1558-1484
1558-2380
1559-1136
1559-1416
1559-466
156-292
1560-1676
1561-1122
1562-288
1562-602
1562-862
1563-1019
1563-1223
1564-219
1565-2250
1566-1747
1567-2389
1568-573
1569-1594
1569-617
157-2087
1570-1075
1570-1302
1570-1499
1570-1792
1570-2416
1570-25
1570-632
1571-631
1572-2092
1573-303
1574-2434
1575-1961
1575-681
1576-1026
1576-1506
1576-72
1576-920
1577-114
1577-728
1578-1381
1579-1909
1579-274
158-1316
158-2359
1580-157
1580-1785
1580-2040
1580-571
1580-921
1581-2432
1581-538
1582-1091
1582-1451
1583-1786
1583-512
1584-1462
1584-1864
1584-871
1585-1090
1586-974
1587-1129
1587-1221
1587-1316
1588-1794
1588-1871
1588-212
1588-277
1588-810
1589-262
159-1216
159-1919
159-256
159-548
1590-857
1591-1112
1591-1233
1591-1594
1591-1722
1591-255
1591-605
1592-2390
1593-490
1594-1920
1594-501
1595-2447
1595-493
1595-801
1595-858
1596-1656
1597-1373
1598-1248
1599-511
16-1281
16-2289
16-2375
160-1806
1600-700
1600-831
1601-1267
1601-904
1602-1927
1602-286
1602-918
1603-2219
1604-877
1605-130
1606-1526
1606-200
1607-1750
1608-2095
1609-1461
1609-440
161-2234
1610-1504
1611-1724
1611-2036
1612-2130
1613-108
1613-969
1614-811
1615-1177
1615-1636
1615-967
1616-132
1616-1757
1616-1796
1616-2296
1617-1647
1617-435
1618-1099
1618-1416
1618-2498
1619-229
162-1151
162-1207
162-2193
162-264
1620-1208
1620-1252
1621-696
1622-2068
1622-406
1623-1742
1623-1882
1624-1256
1624-1911
1624-205
1625-11
1625-1997
1625-984
1626-1097
1626-1281
1626-2179
1626-2308
1626-440
1626-55
1627-2059
1627-401
1628-102
1628-70
1629-1685
1629-557
163-628
163-653
1630-658
1631-1510
1631-1786
1631-627
1632-1059
1632-1295
1632-2340
1633-1776
1634-1079
1634-1464
1634-1680
1634-655
1635-593
1636-1560
1637-1395
1637-740
1638-973
1639-1324
1639-1339
1639-2189
1639-2276
164-1954
164-2482
1640-1191
1640-2194
1641-1983
1641-621
1642-1536
1642-2100
1643-1813
1644-669
1645-1114
1645-1503
1646-1030
1647-1278
1647-405
1648-1101
1649-771
165-1480
1650-1495
1651-1512
1651-1513
1652-442
1653-1134
1654-1447
1654-878
1654-889
1655-1425
1655-2183
1656-1334
1656-1526
1656-2134
1657-2290
1657-2388
1657-689
1658-406
1659-1100
1659-2079
166-2384
1660-151
1660-279
1660-787
1661-1708
1661-774
1661-977
1662-642
1663-1004
1664-1598
1665-1519
1665-524
1665-870
1666-225
1666-70
1667-1102
1667-1826
1667-2395
1668-1198
1668-427
1669-767
167-2407
1670-1006
1671-8
1672-2143
1673-1340
1674-1675
1675-496
1676-1204
1676-1711
1676-2445
1677-1496
1677-2261
1678-1921
1679-805
168-2353
1680-134
1680-58
1680-851
1681-1015
1681-1299
1681-1371
1681-1801
1681-2417
1682-2215
1682-25
1682-691
1682-96
1683-2291
1683-79
1684-1913
1684-1946
1684-2069
1685-1995
1685-2131
1686-1787
1687-1202
1687-989
1688-2310
1689-1471
1689-1835
169-2014
169-560
1690-2159
1691-1158
1692-835
1693-1593
1694-1657
1694-778
1695-2092
1695-2469
1696-1949
1697-2163
1698-715
1698-941
1699-242
1699-689
17-1572
17-1611
170-1521
170-755
1700-318
1701-796
1702-2406
1703-878
1704-676
1705-1420
1706-549
1706-632
1706-792
1707-1096
1708-53
1709-406
171-1005
171-1098
171-123
171-1404
171-2202
1710-2150
1710-225
1710-756
1711-863
1712-1415
1712-413
1713-2076
1714-1551
1714-167
1714-2115
1714-2272
1714-2380
1714-988
1715-1016
1715-1814
1716-1238
1716-615
1716-853
1716-948
1717-1580
1717-1974
1717-37
1717-730
1717-781
1718-1202
1719-103
1719-1580
172-1352
172-1707
172-1854
172-761
1720-1675
1721-1650
1721-1677
1721-1734
1721-2195
1721-2385
1721-2442
1722-1290
1722-1318
1722-1483
1722-1609
1722-2116
1723-1604
1723-1734
1723-2050
1724-0
1724-2008
1724-2161
1724-370
1725-1835
1726-712
1727-1040
1727-1587
1728-943
1729-1387
1729-2233
173-2003
1730-1078
1730-1849
1730-1892
1731-919
1732-518
1733-780
1734-477
1735-1053
1735-163
1735-767
1735-831
1736-191
1737-1062
1737-1249
1737-1943
1738-1696
1739-50
174-972
1740-628
1741-1992
1741-568
1742-794
1743-1265
1743-1657
1744-1145
1744-428
1744-526
1745-1106
1746-2063
1746-2492
1747-1106
1747-1537
1748-1193
1749-1571
175-2004
175-2399
1750-2117
1750-2498
1751-2475
1751-326
1752-1081
1752-1217
1752-1241
1752-2494
1752-942
1753-1358
1753-2255
1753-486
1754-1263
1755-2484
1756-1863
1756-1950
1757-1215
1757-2311
1758-2459
1758-303
1759-276
1759-461
1759-597
176-1831
176-1994
176-2315
176-725
1760-1278
1760-1861
1761-1580
1762-537
1763-1548
1764-1285
1764-1711
1765-1324
1765-1809
1765-2413
1765-412
1766-1040
1767-1328
1767-2094
1767-2179
1767-347
1768-1211
1769-1865
1769-468
177-2130
177-34
1770-1000
1770-1044
1770-1244
1770-1306
1771-1258
1771-74
1772-2000
1772-402
1773-598
1774-2266
1775-1092
1776-1056
1776-1058
1776-1320
1776-1843
1776-2317
1776-538
1776-618
1777-969
1778-1395
1779-2417
178-118
178-1743
178-2032
178-2191
1780-147
1780-1604
1780-2198
1780-699
1781-311
1782-210
1783-156
1783-1615
1784-388
1785-761
1786-356
1787-2219
1788-2204
1788-264
1788-631
1789-1525
1789-1647
1789-1858
1789-2374
179-1592
1790-655
1790-797
1791-1176
1791-2128
1792-2378
1793-2214
1794-1150
1794-1785
1794-440
1795-278
1796-1751
1797-802
1798-984
1798-986
1799-2063
18-165
180-1047
180-1412
180-1549
180-1858
180-1886
180-2286
1800-1299
1801-1263
1801-1791
1801-264
1802-1126
1803-2201
1804-564
1805-27
1806-2127
1807-410
1807-745
1808-428
1808-819
1809-1279
1809-1349
1809-1526
1809-1628
1809-2336
1809-2361
1809-2413
1809-525
1809-663
1809-761
1809-847
181-1567
181-1576
1810-1370
1810-1381
1811-1016
1811-1840
1811-412
1811-807
1811-934
1812-1204
1812-125
1812-674
1813-764
1814-204
1814-2113
1814-2129
1814-267
1814-815
1814-816
1815-2278
1816-2334
1817-1437
1817-969
1818-684
1819-1689
182-1119
182-287
1820-1876
1820-2361
1821-107
1821-2458
1822-1720
1822-1970
1822-2479
1822-9
1823-1965
1824-971
1825-1479
1825-1680
1825-660
1826-1556
1827-1250
1827-157
1827-2444
1827-786
1828-1484
1828-406
1829-2462
183-1669
183-1906
1830-1800
1830-2449
1830-700
1830-761
1830-900
1830-978
1831-1155
1831-1256
1831-1306
1831-2120
1831-413
1832-1582
1832-2421
1832-968
1833-1205
1833-1797
1833-233
1833-292
1834-1108
1834-1208
1835-1302
1835-323
1835-830
1835-86
1836-735
1836-814
1837-1268
1838-1005
1839-1211
1839-148
1839-291
1839-33
1839-422
184-1862
184-2415
184-2468
1840-664
1841-656
1842-1851
1842-2386
1843-1312
1843-1451
1844-1342
1844-956
1844-957
1845-1031
1845-1755
1846-2037
1847-1358
1848-67
1849-1522
1849-316
1849-648
185-1445
185-1964
1850-2103
1850-426
1850-678
1851-1148
1851-361
1852-987
1853-784
1854-1218
1854-1328
1854-2170
1854-2423
1854-44
1855-1865
1856-2419
1856-639
1857-173
1858-1243
1858-812
1859-1
1859-1552
1859-323
1859-675
186-2123
186-2404
186-802
186-835
1860-855
1861-155
1862-1096
1862-1157
1862-674
1862-679
1863-597
1864-1287
1865-1744
1866-107
1866-1365
1866-1671
1866-1862
1866-244
1866-35
1867-423
1868-2029
1868-2110
1868-533
1869-1829
1869-1860
187-2001
1870-1079
1871-2252
1872-1491
1872-1852
1872-1973
1872-2162
1872-2255
1872-228
1873-1948
1874-46
1875-1132
1875-1280
1875-1778
1876-1128
1876-1168
1876-2297
1876-998
1877-1012
1877-2204
1878-1369
1878-1805
1879-1034
1879-1438
1879-2027
1879-572
188-397
1880-1259
1880-402
1881-1992
1882-1262
1882-1475
1882-2402
1882-816
1883-2146
1884-10
1884-1879
1885-1555
1885-1993
1885-620
1885-655
1886-1097
1886-637
1887-1766
1888-1631
1888-848
1889-1681
1889-2327
1889-306
1889-838
189-1971
1890-1039
1891-1538
1891-355
1892-2336
1893-2178
1893-2444
1893-331
1894-2103
1895-2465
1895-423
1896-1492
1896-88
1897-2246
1898-1976
1899-535
19-165
190-788
190-847
1900-2164
1901-1968
1901-497
1902-629
1903-578
1904-922
1905-2233
1906-1130
1906-1562
1907-2276
1908-1050
1908-1513
1908-1824
1909-1136
1909-1788
1909-272
1909-352
1909-970
191-2036
191-46
1910-1189
1910-219
1910-478
1911-1902
1911-903
1912-2334
1913-1164
1913-1420
1913-2095
1913-75
1914-2194
1915-1753
1915-52
1916-1836
1917-1130
1917-2396
1917-25
1918-840
1919-1685
1919-188
1919-2427
192-1106
1920-469
1920-691
1921-2034
1921-2071
1921-816
1922-1170
1922-2008
1923-1975
1924-2285
1925-2136
1925-605
1926-1039
1926-2129
1927-1076
1927-1853
1927-271
1927-481
1928-1802
1928-1886
1928-534
1928-766
1929-2128
1929-40
193-1464
193-288
193-449
1930-458
1930-6
1931-2235
1932-1492
1933-1004
1933-1088
1933-1143
1933-1441
1933-1586
1933-1939
1933-2010
1933-318
1933-734
1934-286
1935-1941
1936-1931
1937-330
1937-732
1937-767
1937-816
1938-1381
1938-367
1939-2467
194-774
1940-1123
1940-1348
1941-631
1941-648
1941-858
1942-1393
1942-1506
1942-1616
1942-30
1943-657
1943-807
1944-737
1945-194
1945-850
1946-1737
1947-2241
1948-777
1948-844
1949-2034
195-188
195-801
1950-1305
1950-1584
1950-2060
1951-2118
1952-2389
1952-789
1953-2417
1954-2414
1954-2499
1955-1343
1955-493
1956-700
1956-794
1957-1114
1957-2029
1957-774
1958-1940
1959-2445
196-1301
196-136
196-1505
1960-1414
1961-1452
1962-1457
1963-1418
1964-1238
1964-1877
1965-151
1966-2012
1966-2069
1966-231
1967-1329
1968-1630
1969-2413
1969-2417
1969-615
1969-69
1969-694
197-286
1970-1959
1970-347
1970-388
1971-2139
1971-848
1971-889
1972-1035
1972-2432
1973-320
1974-1119
1974-1530
1974-437
1974-535
1975-1773
1975-2489
1975-30
1975-340
1975-964
1976-1011
1976-1518
1976-2060
1976-627
1977-1367
1978-1938
1978-303
1979-1250
198-1808
1980-2386
1980-2497
1980-418
1981-1265
1981-384
1982-11
1983-1042
1984-1281
1984-2408
1985-1946
1986-1657
1986-1789
1987-240
1988-1543
1988-2069
1988-2191
1989-1056
1989-2335
1989-2384
199-2196
1990-2044
1990-337
1990-842
1991-1731
1991-178
1992-2100
1992-2215
1992-2231
1992-2366
1992-562
1992-82
1993-1648
1994-2474
1994-400
1995-1898
1995-971
1996-1381
1996-2402
1996-2490
1996-686
1997-1221
1998-627
1999-1755
1999-79
2-1086
20-2366
200-107
200-592
2000-1810
2001-2126
2002-1144
2002-2474
2003-84
2004-1559
2005-1960
2005-2142
2005-2400
2006-1416
2007-2216
2007-2250
2007-6
2008-1289
2008-586
2009-457
201-25
2010-2147
2010-480
2011-1161
2011-1894
2011-239
2012-1635
2013-1153
2013-1362
2013-600
2013-85
2014-1657
2014-948
2015-976
2016-341
2017-291
2017-570
2018-1668
2018-754
2019-1633
202-1784
202-4
2020-2358
2020-2380
2020-44
2020-458
2021-150
2021-1503
2021-2460
2022-475
2022-551
2023-471
2023-714
2024-470
2025-1358
2025-1426
2025-2004
2025-207
2025-2322
2025-2462
2025-744
2025-853
2026-2282
2027-933
2028-2259
2028-497
2029-1638
2029-2281
203-1510
2030-276
2031-1068
2032-1317
2032-38
2033-2435
2034-2320
2035-1358
2035-1384
2035-2379
2036-140
2036-19
2036-2233
2036-2363
2036-340
2036-586
2036-936
2037-2182
2038-1237
2039-949
204-1167
204-1951
2040-57
2041-55
2042-2163
2042-289
2043-1034
2043-1834
2043-1860
2043-2168
2043-2176
2043-529
2043-556
2044-421
2044-915
2045-1503
2045-1997
2046-1268
2047-1826
2048-1002
2049-2320
2049-291
205-369
205-674
205-719
2050-127
2051-2426
2052-28
2053-509
2054-2062
2054-2340
2054-359
2055-1310
2056-322
2057-1621
2057-2358
2057-588
2057-829
2057-892
2058-1501
2058-2285
2058-982
2059-1429
2059-2471
2059-814
206-1130
206-347
2060-2058
2060-300
2060-369
2061-1788
2061-1830
2061-2036
2061-89
2062-420
2063-2159
2063-748
2064-1134
2064-1578
2064-1600
2064-2139
2064-848
2065-1195
2066-1806
2067-1785
2067-180
2067-2496
2067-305
2068-1092
2069-220
207-1051
207-1280
2070-1265
2070-1394
2070-1741
2070-190
2071-2372
2071-785
2072-2253
2073-1283
2073-1288
2073-2065
2073-2081
2073-352
2073-859
2073-952
2074-901
2075-1036
2075-2446
2076-159
2077-1381
2077-165
2078-1886
2078-1953
2078-648
2078-722
2079-201
208-226
208-2411
2080-1127
2080-488
2081-1155
2081-587
2082-140
2082-801
2083-1371
2083-1758
2083-2205
2084-280
2085-1880
2085-2499
2086-1685
2086-1802
2087-1039
2087-2270
2088-1351
2088-2447
2088-715
2089-1386
2089-1916
2089-206
2089-2194
2089-513
209-1203
209-1308
209-1346
2090-1429
2090-2031
2091-1004
2091-1676
2091-203
2091-2175
2092-1236
2092-1908
2092-2411
2093-1162
2093-174
2094-2233
2095-1652
2096-2098
2097-2168
2097-2420
2098-469
2099-2114
21-2211
21-232
210-1666
210-1873
210-2182
210-298
2100-1178
2101-1611
2102-1031
2102-1617
2102-2205
2102-298
2102-30
2102-628
2102-672
2103-2378
2104-1678
2104-924
2105-1275
2105-2355
2105-574
2106-1906
2106-775
2107-1237
2107-1415
2107-1739
2107-1770
2108-2126
2109-1987
2109-2054
211-1237
2110-2333
2110-704
2110-849
2111-2081
2112-396
2113-1273
2113-1505
2113-1934
2114-1649
2114-2367
2114-469
2115-126
2115-1770
2116-918
2117-1563
2117-698
2118-2300
2118-2428
2119-34
212-307
2120-781
2121-348
2122-382
2123-1879
2124-464
2125-1734
2126-1331
2126-1482
2126-1649
2126-191
2126-718
2126-80
2126-900
2126-944
2127-1468
2128-1165
2129-688
213-1204
2130-1634
2131-1721
2132-1489
2133-1203
2133-1477
2134-963
2135-512
2135-609
2136-1690
2137-1894
2138-1180
2138-1813
2138-1966
2139-723
214-2096
2140-1514
2140-927
2141-1455
2141-1686
2141-209
2141-289
2141-586
2142-113
2142-1974
2143-1799
2143-196
2144-795
2145-2438
2146-2232
2147-2297
2148-1615
2149-420
215-452
2150-2162
2150-2352
2150-2387
2150-2476
2151-1863
2151-1979
2152-578
2153-1756
2153-628
2153-987
2154-244
2155-1636
2155-1974
2155-2314
2155-810
2156-2252
2157-1503
2157-175
2157-92
2158-2271
2159-2237
2159-31
2159-325
2159-39
216-2154
216-240
216-673
2160-27
2160-404
2160-618
2161-2130
2161-268
2162-1631
2162-176
2162-1869
2162-2041
2162-2336
2163-452
2163-693
2164-145
2164-728
2165-1851
2165-931
2166-1033
2166-2038
2166-2176
2166-66
2167-1117
2168-1303
2168-1627
2169-1262
2169-1470
2169-2223
2169-522
2169-630
217-2130
2170-2062
2171-1198
2171-1315
2171-1670
2171-89
2171-981
2172-2378
2173-624
2174-1997
2174-495
2174-866
2175-1845
2176-1944
2177-388
2178-598
2179-18
2179-2384
2179-46
218-547
2180-1258
2181-53
2181-749
2181-757
2182-1265
2182-1949
2183-1893
2184-1985
2185-1894
2185-1935
2185-501
2186-1951
2186-757
2187-2489
2187-705
2187-808
2188-418
2189-1179
219-631
2190-1195
2191-1979
2192-1079
2192-2265
2192-441
2193-1558
2193-171
2193-2226
2193-2470
2193-535
2193-723
2194-326
2194-52
2195-2172
2195-281
2195-546
2195-874
2196-1519
2197-1724
2197-2112
2198-2393
2198-414
2199-1250
22-160
22-1878
220-2041
2200-2216
2201-211
2202-1153
2202-2258
2202-519
2203-1419
2204-427
2205-156
2206-1919
2207-2389
2207-2428
2207-725
2208-730
2209-1120
2209-1403
2209-2072
2209-2273
2209-278
221-1886
2210-1031
2211-2376
2212-1622
2213-754
2214-1385
2214-2470
2215-1059
2215-159
2215-1990
2216-2369
2217-1221
2217-1310
2217-2254
2217-256
2218-1260
2218-2137
2219-2395
222-1888
2220-108
2220-641
2221-1244
2221-2282
2221-438
2221-895
2222-1242
2223-1252
2224-1170
2224-2304
2224-2314
2224-37
2224-546
2224-665
2225-0
2226-1294
2226-2253
2227-1750
2227-1931
2227-1999
2227-995
2228-85
2229-1213
2229-2462
223-2381
223-327
223-745
2230-1307
2230-1854
2231-1237
2232-1366
2233-1639
2233-1760
2233-2496
2233-475
2234-2059
2234-660
2235-1998
2236-1547
2237-1253
2237-2174
2237-520
2237-552
2238-1531
2238-176
2239-1179
224-1174
224-587
2240-201
2241-1017
2241-17
2241-2380
2241-407
2242-1852
2243-1817
2244-1262
2244-243
2245-800
2246-1130
2247-1695
2248-1744
2249-1823
2249-787
225-1245
225-2046
225-83
2250-2099
2251-1549
2251-2293
2252-786
2253-140
2253-171
2253-2123
2254-183
2255-939
2256-1152
2256-1514
2257-1493
2257-1966
2257-39
2257-694
2258-121
2259-1123
2259-172
2259-717
226-1736
226-1888
226-953
2260-1237
2260-1308
2260-1703
2260-545
2260-582
2261-388
2261-98
2262-1664
2262-189
2262-2002
2263-1020
2263-1444
2263-2251
2264-1188
2264-1242
2264-391
2264-402
2265-1370
2266-1829
2267-2156
2268-1627
2268-2281
2268-422
2268-831
2269-115
227-456
2270-1896
2270-289
2270-901
2271-1931
2272-1235
2272-564
2273-341
2274-1342
2275-662
2275-676
2275-785
2276-152
2276-356
2276-635
2276-726
2276-992
2277-1988
2277-402
2277-674
2277-870
2278-1259
2278-1971
2278-2211
2279-2010
2279-2277
228-1250
228-311
228-438
2280-1015
2280-2092
2281-23
2281-908
2282-959
2283-1434
2283-229
2284-1138
2284-1989
2285-1146
2285-1856
2285-727
2286-1757
2287-1830
2287-360
2288-1745
2289-1333
2289-1684
2289-499
2289-548
229-1838
229-1930
2290-1068
2290-2025
2290-237
2290-2473
2291-1930
2291-831
2291-889
2292-1493
2292-2152
2292-2318
2292-2450
2293-2321
2294-1330
2294-1463
2294-282
2294-992
2295-1223
2295-1388
2296-1093
2297-1257
2298-1823
2299-1031
2299-455
2299-915
23-1006
23-1473
23-2007
23-496
230-228
230-289
2300-171
2301-2228
2302-2209
2303-93
2304-1561
2305-1575
2306-1079
2306-1629
2306-874
2307-1583
2308-2234
2308-888
2309-1864
231-1425
2310-170
2311-2161
2312-227
2313-1718
2313-937
2314-1910
2314-677
2315-62
2316-1457
2317-1005
2317-54
2318-1852
2318-207
2318-2187
2318-342
2318-59
2319-1614
232-471
2320-340
2321-1418
2322-1945
2323-1102
2324-875
2325-370
2326-183
2326-2003
2326-2449
2326-754
2327-1218
2327-679
2328-1552
2328-1723
2328-1799
2328-1993
2328-248
2328-963
2329-1267
233-1891
2330-1182
2330-1483
2330-400
2331-459
2332-2163
2332-421
2332-810
2333-545
2334-2208
2334-512
2334-723
2335-365
2336-2042
2336-2134
2337-1506
2338-1174
2338-1311
2338-2102
2339-1624
2339-1775
2339-2138
2339-359
2339-654
234-1168
234-1348
234-1536
234-1951
234-2349
2340-2356
2341-1099
2341-341
2342-732
2343-886
2344-108
2344-95
2345-396
2346-2142
2347-2082
2347-275
2348-1744
2349-738
235-1774
2350-1692
2350-1896
2351-1467
2352-1936
2353-134
2353-173
2354-1901
2355-873
2356-161
2356-2324
2356-283
2357-1045
2357-1404
2357-1608
2357-2055
2357-254
2357-30
2357-730
2357-803
2357-835
2358-1455
2358-89
2359-1917
236-688
2360-1913
2361-76
2362-506
2362-642
2363-1323
2364-2243
2364-2379
2364-351
2364-914
2365-972
2366-1087
2366-2116
2366-502
2367-2083
2367-2276
2367-2292
2368-1226
2368-513
2369-1282
237-436
2370-1477
2370-2058
2371-2128
2372-2384
2373-1031
2373-1435
2373-1611
2373-2065
2373-2415
2373-28
2373-847
2373-860
2374-1485
2375-2469
2375-773
2376-645
2377-2155
2377-246
2377-906
2378-495
2379-1261
2379-1359
2379-259
238-1681
238-427
2380-1959
2381-1584
2381-2084
2382-2293
2383-2362
2384-1334
2384-467
2385-1459
2385-31
2386-487
2387-584
2388-972
2389-378
239-515
2390-1540
2390-2216
2390-877
2391-1522
2392-13
2392-1485
2392-223
2392-719
2393-2242
2393-350
2394-1643
2394-677
2395-1708
2396-1287
2396-80
2397-1357
2398-1030
2398-2164
2398-505
2399-422
24-2254
24-721
240-1937
2400-1551
2400-1931
2401-2437
2402-1801
2402-1910
2403-1017
2404-1884
2404-638
2405-969
2406-1607
2406-1832
2406-893
2407-231
2408-847
2408-849
2409-2386
241-1131
241-1427
241-495
241-9
2410-1269
2411-1241
2411-2043
2411-2300
2411-36
2411-625
2411-747
2412-471
2413-1165
2413-2491
2413-756
2414-876
2415-458
2416-189
2416-2097
2417-984
2418-612
2419-1241
242-1120
242-1593
242-1663
242-517
242-762
2420-2054
2421-2060
2421-242
2422-238
2423-283
2424-441
2424-618
2425-2313
2425-900
2426-1241
2426-1254
2426-1778
2427-1693
2427-1759
2428-167
2428-1738
2428-2393
2428-668
2429-291
243-134
243-1470
243-1956
243-2100
243-33
243-552
2430-2258
2431-1351
2431-2021
2431-238
2431-765
2432-1336
2433-2390
2434-1859
2434-2042
2434-440
2434-914
2434-99
2435-1453
2435-2000
2436-2039
2436-2080
2436-2414
2436-549
2436-924
2437-2278
2438-1558
2438-1583
2439-1252
244-1494
244-342
244-843
244-908
244-958
2440-560
2441-1420
2441-1436
2441-1477
2442-2139
2443-2409
2443-92
2443-977
2444-389
2445-294
2445-556
2446-1418
2447-1127
2447-2246
2447-859
2447-870
2448-1150
2448-300
2448-328
2449-1915
245-747
2450-2272
2450-2274
2451-1687
2452-1760
2452-2421
2452-265
2453-1087
2454-1014
2455-1257
2455-2289
2456-1791
2457-45
2457-863
2457-950
2458-1000
2458-1728
2458-622
2459-1135
2459-1946
2459-2053
2459-2172
246-1502
246-154
2460-1323
2461-2276
2462-1388
2462-716
2462-97
2463-1540
2463-1648
2464-1191
2464-181
2465-1906
2465-2048
2465-2154
2465-653
2466-1137
2466-737
2467-2101
2468-792
2469-1574
247-128
247-793
2470-2296
2471-1326
2472-2428
2472-97
2473-1026
2473-413
2474-1284
2474-1713
2475-1688
2476-1250
2476-2460
2477-1391
2478-1428
2478-522
2478-862
2478-865
2479-2380
2479-959
248-1466
248-199
248-958
2480-2477
2481-1954
2481-2176
2481-813
2482-1461
2482-519
2483-1888
2483-258
2484-920
2485-1505
2485-681
2485-944
2486-1312
2487-396
2487-927
2488-1419
2488-1488
2488-1767
2488-1822
2488-1942
2489-1900
249-1562
2490-2122
2490-646
2490-681
2491-1033
2491-959
2492-135
2492-950
2493-2498
2493-311
2494-1300
2495-1112
2495-375
2496-593
2497-1828
2497-1886
2497-1906
2497-413
2497-78
2498-1928
2499-1253
25-583
250-1437
250-200
250-2125
251-1049
251-270
251-937
252-501
253-214
254-1717
255-2048
255-511
256-1254
257-2142
257-828
258-55
258-913
259-302
26-1431
26-288
260-770
261-2084
261-2263
261-560
262-4
262-863
263-1869
264-2272
265-1560
266-899
267-2176
268-886
269-2472
27-1820
270-1187
270-355
270-959
271-1779
271-2305
271-899
272-2301
273-1289
273-836
274-1279
274-140
275-1276
276-1823
276-757
276-773
277-1177
277-2437
278-845
279-807
28-1359
280-1899
281-1020
282-2184
283-1237
283-1360
283-1749
283-1861
284-599
284-850
285-1444
285-2255
286-2072
286-2124
286-2471
286-781
287-1137
287-860
288-1561
288-1594
288-228
289-1407
29-1386
290-1155
291-51
292-613
293-2383
294-538
295-1823
296-1006
296-2030
296-458
297-1025
298-1862
298-52
299-1225
299-1692
299-2127
299-2449
3-1249
3-2118
3-933
3-986
30-987
300-1790
301-1608
301-2395
301-45
302-361
303-326
303-374
304-2190
305-565
306-1561
306-2244
306-2362
307-613
308-1326
309-1600
309-2068
31-1629
310-1269
310-1520
310-1746
311-61
311-995
312-1594
313-1164
314-409
314-449
314-778
315-573
316-2180
316-950
317-132
318-1295
318-2077
319-2450
319-778
32-698
320-1277
321-2145
322-997
323-1342
323-193
324-258
324-33
325-1943
325-218
325-523
325-71
326-2221
327-635
328-794
329-1883
329-2022
329-2356
329-282
33-250
33-271
33-790
330-2078
331-1383
331-1690
331-503
332-1129
332-682
333-1257
333-2079
334-1446
334-2109
334-567
335-177
336-328
336-863
337-284
338-1642
339-744
339-937
34-1699
340-1744
341-1407
342-1735
342-1960
343-1710
344-1698
345-1840
345-2392
345-324
346-1630
347-1014
348-1354
349-65
35-1046
35-1848
35-2456
350-1776
351-1167
351-1246
351-1557
351-47
351-945
352-2171
352-306
353-160
353-2170
354-1063
354-1417
354-204
355-1047
355-1262
355-1671
355-883
356-1131
356-1302
356-1854
356-2115
357-1509
357-1831
357-253
357-843
358-1160
358-2299
358-582
358-660
359-107
359-1154
36-2126
36-609
360-13
361-2153
361-840
362-1945
362-1958
363-1156
363-2453
364-1119
365-1513
366-847
367-1051
367-559
368-1933
368-2201
368-802
369-1972
37-1773
37-2265
370-2322
370-848
371-1492
372-1978
372-56
373-2238
373-55
374-2185
374-875
375-386
376-1175
376-1232
376-1858
376-931
377-1353
378-1117
378-2261
379-2357
379-474
379-592
38-1068
38-1659
38-794
380-1138
380-361
381-1464
381-2343
381-946
382-1478
382-1819
382-2125
382-430
382-530
383-222
384-1944
384-452
384-926
385-2447
386-1210
386-190
386-2242
386-722
387-526
388-1025
388-177
389-547
39-2247
39-388
39-753
390-1672
391-349
391-353
392-2403
393-1443
394-2459
394-54
395-10
395-1491
395-1928
395-2078
395-2316
395-334
396-106
397-1472
398-1681
398-2372
398-819
399-1069
399-1442
399-2308
4-1694
40-2257
40-66
400-517
400-778
400-831
401-131
401-25
402-2302
402-314
402-860
403-1471
403-1490
403-322
404-1699
404-1973
404-939
405-608
406-270
406-61
406-999
407-679
408-1767
408-981
409-2141
41-1281
41-172
41-583
41-694
41-920
410-1249
410-428
411-1598
411-2086
411-2478
412-2203
413-1224
413-1544
413-1644
413-1898
414-519
415-1459
416-1893
416-2106
417-2377
418-1232
419-1095
419-1762
419-262
42-1069
42-1588
420-1762
420-1907
420-2092
420-2110
420-2156
420-581
421-119
421-1519
421-191
421-2278
421-89
422-2147
422-2204
423-1403
423-40
424-1372
425-2141
426-2300
427-2442
428-1272
428-341
429-1471
429-1484
429-2262
43-192
430-1373
430-529
431-1529
431-1972
432-1175
432-1294
432-2151
432-2173
432-2365
432-240
433-1135
433-1323
434-1084
434-19
434-677
434-692
435-1121
435-1403
435-2368
436-726
437-1102
437-1164
437-2016
437-2050
437-2250
437-2254
437-2257
437-276
437-338
437-862
438-2270
439-2443
44-2028
44-903
440-2455
441-1249
441-1734
441-2286
442-1578
443-759
444-2295
445-121
445-1954
445-376
445-539
445-679
446-2410
447-419
448-1371
449-1081
449-1702
449-710
45-1026
450-2171
451-990
452-2074
452-874
453-1718
454-187
455-1611
455-362
456-1738
457-1726
457-363
458-2226
459-2483
46-210
460-2178
461-413
462-1777
463-1681
464-175
465-1969
466-2249
466-2367
466-2424
467-1391
468-1575
468-733
469-1153
469-1470
469-1941
47-2185
47-449
470-1419
470-479
470-887
471-1579
472-1677
473-1203
473-2304
474-665
475-700
476-1108
476-153
476-2435
476-268
477-2488
477-981
478-1577
479-1573
48-2125
480-1365
481-1164
481-1813
481-2397
481-2404
482-421
482-55
483-71
484-163
485-1
485-1149
485-1713
486-2147
487-1748
487-2370
487-574
488-1759
489-1998
489-359
49-1218
49-1221
49-134
49-802
490-1294
490-1507
490-2401
490-64
490-655
490-894
491-1618
491-2490
491-421
492-2463
493-1388
494-176
495-1676
496-1326
496-1423
496-768
497-2088
498-1566
498-2032
499-537
499-811
5-2006
5-205
5-2334
5-351
5-803
50-1310
500-1259
500-1790
500-2295
501-2428
501-2445
502-1971
503-1867
503-2020
503-374
504-1016
504-192
504-418
505-1332
506-69
507-1137
507-1666
507-1855
508-1196
509-2364
51-1028
51-1175
51-1719
51-1868
51-2052
51-2324
51-921
510-2007
511-1309
511-363
512-168
512-1706
512-2434
512-917
513-1549
513-1943
513-491
513-523
514-1659
515-1643
516-1118
517-2342
517-2385
517-2463
517-741
518-208
519-2228
52-440
520-1107
520-1594
520-533
521-2293
522-2426
523-1627
523-1832
524-1754
524-968
525-2363
525-695
526-1186
527-1680
527-343
527-837
528-1116
528-1373
529-2335
529-898
53-1431
53-374
530-1930
531-2160
532-1239
532-1447
532-1655
532-1670
532-221
533-104
534-2196
534-922
535-1481
535-2005
535-767
535-783
535-995
535-996
536-911
536-929
537-1007
537-2123
537-602
538-1609
538-443
539-1568
539-1693
539-2010
539-513
54-2421
540-1884
540-2371
540-2417
541-1431
541-1505
541-893
542-1013
543-1094
543-131
543-2278
543-534
543-646
543-881
544-2413
545-1186
545-2424
546-1607
547-1145
547-1705
547-1752
548-1461
548-1983
549-1001
549-2457
55-492
550-1251
550-2402
551-2213
552-2394
553-110
554-1490
555-100
556-39
557-2208
558-179
559-1179
559-557
559-612
559-903
56-1680
56-986
560-1911
560-692
560-987
561-568
562-1211
562-1437
562-1801
562-183
562-1949
562-645
563-1154
563-659
564-1616
565-2276
565-892
566-2267
566-64
566-78
567-1248
567-132
567-405
567-7
568-2295
568-26
569-1442
569-1714
57-1701
57-2382
57-462
57-497
570-1712
570-39
571-1997
572-2344
572-90
573-1902
574-1465
575-1371
575-201
576-1524
576-39
577-1049
577-1317
577-1603
577-967
578-1402
578-298
579-1368
58-2226
580-1748
580-251
580-437
580-457
581-1301
582-2196
583-1352
584-1122
584-1145
584-1971
585-798
586-2461
586-535
587-564
588-1385
589-1491
59-1768
59-243
59-553
590-1187
590-1424
590-2393
590-249
591-1702
591-2420
592-1186
593-1473
593-1619
593-1683
594-1278
594-414
595-2388
596-118
597-2123
598-34
598-794
599-1013
599-1945
599-408
599-583
6-1019
6-1717
6-1825
6-2000
6-663
6-870
6-904
60-1252
600-1432
600-1710
600-1968
600-960
601-1734
602-1614
602-2197
603-192
604-1529
604-34
604-467
605-1639
605-1833
605-1854
606-1148
607-1119
607-2179
607-740
608-1113
609-1071
609-2446
609-2499
61-2261
610-915
611-160
612-577
612-799
613-584
614-2322
614-722
615-1127
616-1057
616-657
617-1041
618-1616
619-1963
619-2009
62-1005
62-1024
620-150
620-1690
620-518
621-1328
621-1447
621-17
622-1000
622-1287
622-2265
622-262
622-495
622-760
622-889
623-1147
623-97
624-1450
625-1869
626-1900
627-3
628-1162
628-1397
628-2059
628-2195
628-857
629-2297
629-759
63-1115
63-1268
63-1855
630-1509
631-2189
631-2430
632-128
633-1040
633-1801
634-1002
635-2446
636-1899
637-1935
637-689
638-654
639-2212
64-2181
64-301
640-113
641-558
642-1325
642-1450
642-1534
642-1971
642-2187
642-375
642-505
642-573
642-994
643-1637
643-955
644-1876
644-2422
645-1932
645-688
646-536
647-1758
647-2155
648-1472
648-394
649-1904
65-2417
650-118
651-1864
651-1961
651-2394
651-429
651-813
652-1738
653-2273
654-1067
654-697
655-1094
656-1129
656-1487
657-1022
657-184
657-1887
657-2268
657-689
658-1346
658-2383
658-708
658-910
659-2444
659-289
659-321
66-1093
66-1336
66-1662
66-2125
66-596
66-925
660-1566
661-1181
662-1489
662-2432
663-1609
664-1079
664-1706
665-1185
665-1314
665-1505
665-1560
665-1737
665-1738
665-2087
665-2321
665-2479
665-745
665-883
666-1500
666-448
667-172
668-1469
668-2279
669-1630
67-1196
67-2264
670-88
671-1575
672-1340
673-1
673-1247
673-1597
673-1598
673-1643
673-1907
673-2429
673-499
673-66
673-9
674-1449
675-1847
675-60
676-792
677-1132
678-1567
678-1676
678-5
679-1081
679-1092
679-1303
68-239
680-1579
680-2092
680-231
680-2338
681-1488
681-952
682-1088
682-2441
683-1073
683-1322
683-198
683-329
683-753
684-1345
685-1602
686-1650
686-2489
687-1441
688-355
689-1007
689-139
689-187
69-1393
690-1442
690-1447
690-348
691-446
691-542
692-2040
693-1736
693-874
694-1051
694-2019
694-309
695-1327
695-1442
695-1619
695-2094
695-2220
695-3
695-669
696-1224
697-1806
697-581
697-964
698-1283
698-2217
699-118
699-1781
699-262
7-2016
7-2018
7-2229
7-826
70-2131
70-2164
700-385
701-1153
701-195
701-2333
701-420
701-517
701-77
702-555
703-1124
704-891
705-1975
705-572
706-297
707-1508
708-199
709-1329
71-1654
71-167
71-705
71-883
710-102
711-1649
711-2368
711-491
712-332
713-1964
713-2373
713-2400
713-861
714-1694
714-21
714-2175
715-1620
716-1008
716-2055
716-48
717-2249
717-394
718-687
719-1075
719-1410
719-1725
719-461
72-475
720-1602
721-2029
722-2198
722-2313
722-634
722-751
722-979
723-2285
723-535
724-1026
724-2193
724-427
725-1469
726-2458
727-374
728-1270
729-1184
729-1197
729-1532
73-545
730-194
731-1662
732-375
733-1107
733-1922
733-315
733-322
733-951
734-1497
735-1757
735-639
735-847
736-1708
736-885
737-1684
738-212
738-2288
739-1796
74-1895
74-365
740-2030
741-801
742-1868
743-1270
743-1679
743-2011
744-619
745-2309
745-621
746-2096
746-2112
747-399
748-1197
748-1912
748-419
748-898
749-138
75-1187
750-1720
750-1734
750-2233
750-2462
750-400
750-591
750-682
750-692
750-70
751-2375
752-164
752-1740
752-2078
752-626
753-1095
753-1696
753-1717
753-2389
753-34
754-2253
754-2370
755-2243
755-2474
756-195
756-346
756-949
757-1720
757-705
758-2307
759-1989
76-1569
76-1643
76-932
760-677
761-1838
761-659
761-715
762-2295
763-426
763-491
764-2133
765-1077
766-526
767-2034
767-2064
768-1486
768-805
769-1221
769-593
77-1406
770-1081
771-102
771-1766
771-2292
772-206
772-733
773-2428
774-1478
775-2019
775-2332
776-1507
776-1783
776-1995
776-2191
777-1116
777-1635
777-1970
777-497
778-191
779-380
779-561
779-704
78-2311
78-841
780-436
781-627
782-1258
782-2078
783-2413
784-1136
784-495
785-259
786-1500
786-1537
786-657
787-2269
787-2433
788-1254
789-939
79-1420
79-2004
790-1782
790-179
791-102
791-642
792-379
793-1097
794-1110
795-2436
796-1143
796-1780
797-726
798-694
799-1243
799-1804
8-1283
8-130
8-58
80-307
800-2196
800-2211
800-433
800-73
801-2075
801-2236
802-939
803-224
803-2464
803-305
803-415
803-70
803-773
804-1401
804-1641
804-2446
805-2194
806-1198
806-1385
806-1884
806-1967
806-2222
806-2243
806-309
806-363
806-599
806-827
807-657
808-269
809-1613
809-2253
81-1071
81-2481
810-213
810-268
810-307
811-1468
812-2100
813-1114
814-202
815-616
816-1590
817-621
818-1947
818-2385
819-1938
819-348
819-960
82-109
82-1496
82-234
820-1016
821-1452
821-1921
821-412
822-818
823-1923
823-2098
824-1467
824-2189
825-234
826-992
827-1864
827-198
827-2030
827-284
828-954
829-2203
83-933
830-1244
830-1729
831-1577
831-1776
832-2329
833-1750
834-1019
834-1356
834-1805
834-2346
834-2484
834-254
834-443
834-803
835-1078
836-1825
836-1877
837-1112
837-343
837-852
837-899
838-1955
839-1185
839-1873
84-1590
84-171
84-1915
84-2009
84-2256
84-2262
84-323
84-697
840-1151
840-2338
840-311
841-1177
841-2248
842-442
843-1683
843-2451
844-1204
844-2119
845-1344
846-595
847-1716
848-1012
848-1020
848-2299
849-141
849-173
85-1258
85-172
85-334
850-1601
850-293
850-474
851-1020
851-842
851-935
852-1949
853-1485
853-1860
853-2165
853-319
854-1025
855-425
856-1196
856-1729
856-2499
857-1016
858-1617
859-515
86-1493
86-1746
86-216
86-2411
86-549
860-1612
860-628
860-984
861-2066
862-2106
863-2152
863-703
864-1466
864-453
864-502
864-63
864-680
864-866
865-2464
866-955
867-482
868-523
869-1228
869-853
87-1480
87-870
870-244
871-2153
872-1217
872-1455
872-449
872-586
873-741
874-140
874-228
874-2366
874-270
874-702
874-757
875-400
876-137
876-1469
876-7
876-730
877-1480
878-1327
879-1167
879-1607
879-1788
88-1198
88-2063
88-2380
880-1604
881-1610
881-2419
882-1373
882-555
883-1426
883-410
883-572
884-1980
884-2341
885-1538
885-2124
886-1309
886-1632
886-1868
887-1488
887-351
888-1274
888-1340
888-173
888-1758
888-2175
889-1891
89-684
890-205
890-363
891-1442
891-1530
891-1771
891-2148
892-826
893-1853
893-2417
893-738
894-658
895-1933
896-1233
897-2028
898-459
899-1753
899-2383
899-298
9-134
90-1443
900-1990
900-2373
900-779
901-1297
902-461
902-48
903-1562
904-1089
904-777
904-86
905-1172
905-124
905-1271
905-1843
905-2107
905-2202
906-129
906-2038
906-497
907-1871
907-950
908-1003
909-1208
909-135
909-717
91-88
910-1353
910-235
910-44
910-677
911-113
911-1430
911-36
911-477
912-1391
912-1688
913-2075
913-2235
914-1056
914-1081
914-1557
914-726
915-1102
916-935
917-757
917-918
918-1348
918-1698
918-2390
918-310
919-1509
919-1596
92-166
92-681
92-843
920-170
920-2002
920-687
920-741
921-1685
921-2176
922-2167
923-1092
924-1856
925-194
925-2382
926-1183
926-173
926-2182
927-1495
927-922
928-1064
929-117
929-388
93-2428
930-2198
931-146
931-1689
932-643
933-1107
933-1459
933-1693
933-2423
933-2464
934-1830
934-1992
935-2151
935-446
935-60
935-678
936-144
936-1801
937-1478
938-1676
938-708
939-1973
94-2243
940-241
941-2441
941-672
941-928
942-564
943-1166
944-208
945-690
946-208
946-976
947-1480
947-1770
947-76
948-1189
949-2234
95-1187
95-412
950-1314
950-641
951-1855
951-936
952-1906
953-1819
953-2143
953-498
953-571
953-8
954-1586
954-2170
954-2384
955-2329
955-2359
955-35
955-575
955-800
956-2344
957-95
957-970
958-1120
959-1185
959-1352
959-2051
96-1818
96-541
960-123
961-1014
962-2122
963-1438
964-2019
964-2062
964-2311
964-352
965-2357
965-425
966-226
967-1701
968-2407
968-35
968-986
969-553
97-1253
97-2020
97-2391
97-268
97-768
970-1764
970-29
971-1603
972-2041
972-510
973-1828
973-303
974-2230
975-1461
976-1325
977-1454
977-1867
977-666
978-422
979-1363
979-2386
98-2318
980-1762
980-741
981-1058
982-1916
982-2149
982-3
983-285
984-1463
984-1742
984-1989
984-43
985-316
986-1810
986-569
987-1468
987-1678
988-1522
988-2171
989-1120
989-1416
989-2222
989-2447
99-2236
990-1490
990-1563
990-2020
990-2310
990-430
990-477
991-2233
992-169
993-1746
993-2121
993-304
994-2034
995-1190
995-1324
995-2144
995-217
996-2178
996-2273
996-2279
996-508
996-513
996-609
997-1189
997-1253
997-156
997-2206
997-225
997-27
998-2126
998-2177
999-533
end-97
end-2445
end-1998
start-812
start-947
start-993
